*
	4	STATUS	0	1	3	4	5	19	29	40	49
*	record	OrderNo	Type	Key	Name	pStation	pStates	pALARM_GROUP	pConfiguredAORGroup	ConfigNormalState
	1	1	1	'01001001'	'SCADA'	1	203	1	1	1
	2	2	1	'01001002'	'ALFULL'	1	203	1	1	0
	3	3	1	'01001003'	'HostA'	1	212	1	1	0
	4	4	1	'01001004'	'HostB'	1	212	1	1	0
	5	5	1	'01001005'	'Annunciation'	1	202	1	1	1
	6	6	1	'01001006'	'Logger1'	1	208	1	1	1
	7	7	1	'01001007'	'PMPAGEN_RTU'	1	208	1	1	1
	8	8	1	'01001008'	'GREER_SRV'	1	208	1	1	1
	9	9	1	'01037001'	'SYSTEM_LOAD_STATUS'	37	214	1	1	0
	10	10	1	'01037002'	'CATAWBA1_GROSS_STATUS'	37	214	1	1	0
	11	11	1	'01037003'	'CATAWBA2_GROSS_STATUS'	37	214	1	1	0
	12	12	1	'01037004'	'MCGUIRE2_GROSS_STATUS'	37	214	1	1	0
	13	13	1	'01037005'	'MCGUIRE1_GROSS_STATUS'	37	214	1	1	0
	14	14	1	'01037006'	'CATAWBA1_NET_OUTPUT_STATUS'	37	214	1	1	0
	15	15	1	'01001009'	'GRE_CHK_CL'	1	208	1	1	1
	16	16	1	'01001010'	'EAS_CHK_CL'	1	208	1	1	1
	17	17	1	'01001011'	'LAU_CHK_CL'	1	208	1	1	1
	18	18	1	'01001012'	'ABB_CL'	1	208	1	1	1
	19	19	1	'01001013'	'CLI_CL'	1	208	1	1	1
	20	20	1	'01007001'	'AC_LOSS_Status'	7	215	1	1	1
	21	21	1	'01001014'	'EAS_PRI_CL'	1	208	1	1	1
	22	22	1	'01001015'	'GAF_PRI_CL'	1	208	1	1	1
	23	23	1	'01008001'	'AC_LOSS_Status'	8	215	1	1	1
	24	24	1	'01001016'	'ROC_CHK_CL'	1	208	1	1	1
	25	25	1	'01001017'	'NEW_CHK_CL'	1	208	1	1	1
	26	26	1	'01037007'	'CATAWBA2_NET_OUTPUT_STATUS'	37	214	1	1	0
	27	27	1	'01037008'	'MCGUIRE2_NET_OUTPUT_STATUS'	37	214	1	1	0
	28	28	1	'01037009'	'MCGUIRE1_NET_OUTPUT_STATUS'	37	214	1	1	0
	29	29	1	'01001018'	'DUKE_ALT_SRV'	1	208	1	1	1
	30	30	1	'01001019'	'GRE_PRI_CL'	1	208	1	1	1
	31	31	1	'01001020'	'SI_CL'	1	208	1	1	1
	32	32	1	'01001021'	'PMPAGEN_CL'	1	208	1	1	1
	33	33	1	'01025001'	'AC_LOSS_Status'	25	215	1	1	1
	34	34	1	'01001022'	'GAF_CHK_CL'	1	208	1	1	1
	35	35	1	'01004001'	'ACLOSS_Status'	4	215	1	1	1
	36	36	1	'01001023'	'LAU_PRI_CL'	1	208	1	1	1
	37	37	1	'01037010'	'DS1_SIGNAL_ECHO_STATUS'	37	214	1	1	0
	38	38	1	'01037011'	'DS2_SIGNAL_ECHO_STATUS'	37	214	1	1	0
	39	39	1	'01001024'	'NEW_PRI_CL'	1	208	1	1	1
	40	40	1	'01037012'	'DS3_SIGNAL_ECHO_STATUS'	37	214	1	1	0
	41	41	1	'01037013'	'DS1_SCHEDULE_ECHO_STATUS'	37	214	1	1	0
	42	42	1	'01001025'	'ROC_PRI_CL'	1	208	1	1	1
	43	43	1	'01037014'	'DS2_SCHEDULE_ECHO_STATUS'	37	214	1	1	0
	44	44	1	'01037015'	'DS3_SCHEDULE_ECHO_STATUS'	37	214	1	1	0
	45	45	1	'01037016'	'CME_ENTITLEMENT_STATUS'	37	214	1	1	0
	46	46	1	'01039001'	'PMPA_WITH_DG_STATUS'	39	214	1	1	0
	47	47	1	'01001026'	'UNI_CL'	1	208	1	1	1
	48	48	1	'01039002'	'PMPA_DG_STATUS'	39	214	1	1	0
	49	49	1	'01039003'	'PMPA_WITHOUT_DG_STATUS'	39	214	1	1	0
	50	50	1	'01001027'	'WES_CL'	1	208	1	1	1
	51	51	1	'01001028'	'ABBEVILLE_SRV'	1	208	1	1	1
	52	52	1	'01044001'	'UseMe2'	44	214	1	1	0
	53	53	1	'01001029'	'ABB01_PRI_RTU'	1	208	1	1	1
	54	54	1	'01001030'	'ABB01_CHK_RTU'	1	208	1	1	1
	55	55	1	'01001031'	'CLI01_PRI_RTU'	1	208	1	1	1
	56	56	1	'01001032'	'CLI01_CHK_RTU'	1	208	1	1	1
	57	57	1	'01001033'	'CLI02_PRI_RTU'	1	208	1	1	1
	58	58	1	'01001034'	'CLI02_CHK_RTU'	1	208	1	1	1
	59	59	1	'01001035'	'EAS01_PRI_RTU'	1	208	1	1	1
	60	60	1	'01001036'	'EAS01_CHK_RTU'	1	208	1	1	1
	61	61	1	'01001037'	'EAS03_PRI_RTU'	1	208	1	1	1
	62	62	1	'01001038'	'EAS03_CHK_RTU'	1	208	1	1	1
	63	63	1	'01001039'	'EAS04A_PRI_RTU'	1	208	1	1	1
	64	64	1	'01001040'	'EAS04A_CHK_RTU'	1	208	1	1	1
	65	65	1	'01001041'	'EAS05_PRI_RTU'	1	208	1	1	1
	66	66	1	'01001042'	'EAS05_CHK_RTU'	1	208	1	1	1
	67	67	1	'01001043'	'EAS06_PRI_RTU'	1	208	1	1	1
	68	68	1	'01001044'	'EAS06_CHK_RTU'	1	208	1	1	1
	69	69	1	'01001045'	'GAF01A_PRI_RTU'	1	208	1	1	1
	70	70	1	'01001046'	'GAF01A_CHK_RTU'	1	208	1	1	1
	71	71	1	'01001047'	'GAF01B_PRI_RTU'	1	208	1	1	1
	72	72	1	'01001048'	'GAF01B_CHK_RTU'	1	208	1	1	1
	73	73	1	'01001049'	'GAF02_PRI_RTU'	1	208	1	1	1
	74	74	1	'01001050'	'GAF02_CHK_RTU'	1	208	1	1	1
	75	75	1	'01001051'	'GRE02A_PRI_RTU'	1	208	1	1	1
	76	76	1	'01001052'	'GRE02A_CHK_RTU'	1	208	1	1	1
	77	77	1	'01001053'	'GRE02B_PRI_RTU'	1	208	1	1	1
	78	78	1	'01001054'	'GRE02B_CHK_RTU'	1	208	1	1	1
	79	79	1	'01001055'	'GRE03A_PRI_RTU'	1	208	1	1	1
	80	80	1	'01001056'	'GRE03A_CHK_RTU'	1	208	1	1	1
	81	81	1	'01001057'	'GRE03B_PRI_RTU'	1	208	1	1	1
	82	82	1	'01001058'	'GRE03B_CHK_RTU'	1	208	1	1	1
	83	83	1	'01001059'	'GRE04A_PRI_RTU'	1	208	1	1	1
	84	84	1	'01001060'	'GRE04A_CHK_RTU'	1	208	1	1	1
	85	85	1	'01001061'	'GRE04B_PRI_RTU'	1	208	1	1	1
	86	86	1	'01001062'	'GRE04B_CHK_RTU'	1	208	1	1	1
	87	87	1	'01001063'	'LAU03_PRI_RTU'	1	208	1	1	1
	88	88	1	'01001064'	'LAU03_CHK_RTU'	1	208	1	1	1
	89	89	1	'01001065'	'LAU04A_PRI_RTU'	1	208	1	1	1
	90	90	1	'01001066'	'LAU04A_CHK_RTU'	1	208	1	1	1
	91	91	1	'01001067'	'LAU04B_PRI_RTU'	1	208	1	1	1
	92	92	1	'01001068'	'LAU04B_CHK_RTU'	1	208	1	1	1
	93	93	1	'01001069'	'NEW02_PRI_RTU'	1	208	1	1	1
	94	94	1	'01001070'	'NEW02_CHK_RTU'	1	208	1	1	1
	95	95	1	'01001071'	'NEW03_PRI_RTU'	1	208	1	1	1
	96	96	1	'01001072'	'NEW03_CHK_RTU'	1	208	1	1	1
	97	97	1	'01001073'	'NEW04_PRI_RTU'	1	208	1	1	1
	98	98	1	'01001074'	'NEW04_CHK_RTU'	1	208	1	1	1
	99	99	1	'01001075'	'ROC10_PRI_RTU'	1	208	1	1	1
	100	100	1	'01001076'	'ROC10_CHK_RTU'	1	208	1	1	1
	101	101	1	'01001077'	'ROC11_PRI_RTU'	1	208	1	1	1
	102	102	1	'01001078'	'ROC11_CHK_RTU'	1	208	1	1	1
	103	103	1	'01001079'	'PMPAGEN_RTU_OLD'	1	208	1	1	1
	104	104	1	'01001080'	'GRE_CHK_3A_CL'	1	208	1	1	1
	105	105	1	'01001081'	'ROC05_PRI_RTU'	1	208	1	1	1
	106	106	1	'01001082'	'ROC05_CHK_RTU'	1	208	1	1	1
	107	107	1	'01001083'	'ROC06_PRI_RTU'	1	208	1	1	1
	108	108	1	'01001084'	'ROC06_CHK_RTU'	1	208	1	1	1
	109	109	1	'01001085'	'UNI01_PRI_RTU'	1	208	1	1	1
	110	110	1	'01001086'	'UNI01_CHK_RTU'	1	208	1	1	1
	111	111	1	'01001087'	'UNI04_PRI_RTU'	1	208	1	1	1
	112	112	1	'01001088'	'UNI04_CHK_RTU'	1	208	1	1	1
	113	113	1	'01001089'	'UNI06_PRI_RTU'	1	208	1	1	1
	114	114	1	'01001090'	'UNI06_CHK_RTU'	1	208	1	1	1
	115	115	1	'01001091'	'WES01_PRI_RTU'	1	208	1	1	1
	116	116	1	'01001092'	'WES01_CHK_RTU'	1	208	1	1	1
	117	117	1	'01004002'	'KW_COMP_Status'	4	214	1	1	0
	118	118	1	'01004003'	'KW_A_Status'	4	214	1	1	0
	119	119	1	'01004004'	'KW_B_Status'	4	214	1	1	0
	120	120	1	'01004005'	'KW_C_Status'	4	214	1	1	0
	121	121	1	'01004006'	'KVAR_Status'	4	214	1	1	0
	122	122	1	'01004007'	'KVAR_A_Status'	4	214	1	1	0
	123	123	1	'01004008'	'KVAR_B_Status'	4	214	1	1	0
	124	124	1	'01004009'	'KVAR_C_Status'	4	214	1	1	0
	125	125	1	'01004010'	'V_Status'	4	214	1	1	0
	126	126	1	'01004011'	'V_A_Status'	4	214	1	1	0
	127	127	1	'01004012'	'V_B_Status'	4	214	1	1	0
	128	128	1	'01004013'	'V_C_Status'	4	214	1	1	0
	129	129	1	'01004014'	'A_Status'	4	214	1	1	0
	130	130	1	'01004015'	'A_A_Status'	4	214	1	1	0
	131	131	1	'01004016'	'A_B_Status'	4	214	1	1	0
	132	132	1	'01004017'	'A_C_Status'	4	214	1	1	0
	133	133	1	'01004018'	'PF_Status'	4	214	1	1	0
	134	134	1	'01004019'	'PF_A_Status'	4	214	1	1	0
	135	135	1	'01004020'	'PF_B_Status'	4	214	1	1	0
	136	136	1	'01004021'	'PF_C_Status'	4	214	1	1	0
	137	137	1	'01007002'	'KVAR_COMP_Status'	7	214	1	1	0
	138	138	1	'01007003'	'KW_Status'	7	214	1	1	0
	139	139	1	'01007004'	'FREQUENCY_Status'	7	214	1	1	0
	140	140	1	'01007005'	'A_N_Status'	7	214	1	1	0
	141	141	1	'01008002'	'KVAR_COMP_Status'	8	214	1	1	0
	142	142	1	'01008003'	'KW_Status'	8	214	1	1	0
	143	143	1	'01008004'	'FREQUENCY_Status'	8	214	1	1	0
	144	144	1	'01008005'	'A_N_Status'	8	214	1	1	0
	145	145	1	'01005001'	'KW_COMP_Status'	5	214	1	1	0
	146	146	1	'01005002'	'KW_A_Status'	5	214	1	1	0
	147	147	1	'01005003'	'KW_B_Status'	5	214	1	1	0
	148	148	1	'01005004'	'KW_C_Status'	5	214	1	1	0
	149	149	1	'01005005'	'KVAR_Status'	5	214	1	1	0
	150	150	1	'01005006'	'KVAR_A_Status'	5	214	1	1	0
	151	151	1	'01005007'	'KVAR_B_Status'	5	214	1	1	0
	152	152	1	'01005008'	'KVAR_C_Status'	5	214	1	1	0
	153	153	1	'01005009'	'V_Status'	5	214	1	1	0
	154	154	1	'01005010'	'V_A_Status'	5	214	1	1	0
	155	155	1	'01005011'	'V_B_Status'	5	214	1	1	0
	156	156	1	'01005012'	'V_C_Status'	5	214	1	1	0
	157	157	1	'01005013'	'A_Status'	5	214	1	1	0
	158	158	1	'01005014'	'A_A_Status'	5	214	1	1	0
	159	159	1	'01005015'	'A_B_Status'	5	214	1	1	0
	160	160	1	'01005016'	'A_C_Status'	5	214	1	1	0
	161	161	1	'01005017'	'PF_Status'	5	214	1	1	0
	162	162	1	'01005018'	'PF_A_Status'	5	214	1	1	0
	163	163	1	'01005019'	'PF_B_Status'	5	214	1	1	0
	164	164	1	'01005020'	'PF_C_Status'	5	214	1	1	0
	165	165	1	'01010001'	'A_N_Status'	10	214	1	1	0
	166	166	1	'01010002'	'FREQUENCY_Status'	10	214	1	1	0
	167	167	1	'01010003'	'KVAR_COMP_Status'	10	214	1	1	0
	168	168	1	'01010004'	'KW_Status'	10	214	1	1	0
	169	169	1	'01009001'	'A_N_Status'	9	214	1	1	0
	170	170	1	'01009002'	'FREQUENCY_Status'	9	214	1	1	0
	171	171	1	'01009003'	'KVAR_COMP_Status'	9	214	1	1	0
	172	172	1	'01009004'	'KW_Status'	9	214	1	1	0
	173	173	1	'01001093'	'EAS04B_PRI_RTU'	1	208	1	1	1
	174	174	1	'01001094'	'EAS04B_CHK_RTU'	1	208	1	1	1
	175	175	1	'01006001'	'KW_COMP_Status'	6	214	1	1	0
	176	176	1	'01006002'	'KW_A_Status'	6	214	1	1	0
	177	177	1	'01006003'	'KW_B_Status'	6	214	1	1	0
	178	178	1	'01006004'	'KW_C_Status'	6	214	1	1	0
	179	179	1	'01006005'	'KVAR_Status'	6	214	1	1	0
	180	180	1	'01006006'	'KVAR_A_Status'	6	214	1	1	0
	181	181	1	'01006007'	'KVAR_B_Status'	6	214	1	1	0
	182	182	1	'01006008'	'KVAR_C_Status'	6	214	1	1	0
	183	183	1	'01006009'	'V_Status'	6	214	1	1	0
	184	184	1	'01006010'	'V_A_Status'	6	214	1	1	0
	185	185	1	'01006011'	'V_B_Status'	6	214	1	1	0
	186	186	1	'01006012'	'V_C_Status'	6	214	1	1	0
	187	187	1	'01006013'	'A_Status'	6	214	1	1	0
	188	188	1	'01006014'	'A_A_Status'	6	214	1	1	0
	189	189	1	'01006015'	'A_B_Status'	6	214	1	1	0
	190	190	1	'01006016'	'A_C_Status'	6	214	1	1	0
	191	191	1	'01006017'	'PF_Status'	6	214	1	1	0
	192	192	1	'01006018'	'PF_A_Status'	6	214	1	1	0
	193	193	1	'01006019'	'PF_B_Status'	6	214	1	1	0
	194	194	1	'01006020'	'PF_C_Status'	6	214	1	1	0
	195	195	1	'01011001'	'A_N_Status'	11	214	1	1	0
	196	196	1	'01011002'	'FREQUENCY_Status'	11	214	1	1	0
	197	197	1	'01011003'	'KVAR_COMP_Status'	11	214	1	1	0
	198	198	1	'01011004'	'KW_Status'	11	214	1	1	0
	199	199	1	'01013001'	'KW_Status'	13	214	1	1	0
	200	200	1	'01013002'	'KVAR_Status'	13	214	1	1	0
	201	201	1	'01013003'	'FREQUENCY_Status'	13	214	1	1	0
	202	202	1	'01014001'	'FREQUENCY_Status'	14	214	1	1	0
	203	203	1	'01007006'	'KW_COMP_Status'	7	214	1	1	0
	204	204	1	'01007007'	'KW_A_Status'	7	214	1	1	0
	205	205	1	'01007008'	'KW_B_Status'	7	214	1	1	0
	206	206	1	'01007009'	'KW_C_Status'	7	214	1	1	0
	207	207	1	'01007010'	'KVAR_Status'	7	214	1	1	0
	208	208	1	'01007011'	'KVAR_A_Status'	7	214	1	1	0
	209	209	1	'01007012'	'KVAR_B_Status'	7	214	1	1	0
	210	210	1	'01007013'	'KVAR_C_Status'	7	214	1	1	0
	211	211	1	'01007014'	'V_Status'	7	214	1	1	0
	212	212	1	'01007015'	'V_A_Status'	7	214	1	1	0
	213	213	1	'01007016'	'V_B_Status'	7	214	1	1	0
	214	214	1	'01007017'	'V_C_Status'	7	214	1	1	0
	215	215	1	'01007018'	'A_Status'	7	214	1	1	0
	216	216	1	'01007019'	'A_A_Status'	7	214	1	1	0
	217	217	1	'01007020'	'A_B_Status'	7	214	1	1	0
	218	218	1	'01007021'	'A_C_Status'	7	214	1	1	0
	219	219	1	'01007022'	'PF_Status'	7	214	1	1	0
	220	220	1	'01007023'	'PF_A_Status'	7	214	1	1	0
	221	221	1	'01007024'	'PF_B_Status'	7	214	1	1	0
	222	222	1	'01007025'	'PF_C_Status'	7	214	1	1	0
	223	223	1	'01015001'	'FREQUENCY_Status'	15	214	1	1	0
	224	224	1	'01013004'	'A_N_Status'	13	214	1	1	0
	225	225	1	'01014002'	'KVAR_COMP_Status'	14	214	1	1	0
	226	226	1	'01014003'	'A_N_Status'	14	214	1	1	0
	227	227	1	'01015002'	'KVAR_COMP_Status'	15	214	1	1	0
	228	228	1	'01015003'	'A_N_Status'	15	214	1	1	0
	229	229	1	'01022001'	'KVAR_COMP_Status'	22	214	1	1	0
	230	230	1	'01022002'	'FREQUENCY_Status'	22	214	1	1	0
	231	231	1	'01008006'	'KW_COMP_Status'	8	214	1	1	0
	232	232	1	'01008007'	'KW_A_Status'	8	214	1	1	0
	233	233	1	'01008008'	'KW_B_Status'	8	214	1	1	0
	234	234	1	'01008009'	'KW_C_Status'	8	214	1	1	0
	235	235	1	'01008010'	'KVAR_Status'	8	214	1	1	0
	236	236	1	'01008011'	'KVAR_A_Status'	8	214	1	1	0
	237	237	1	'01008012'	'KVAR_B_Status'	8	214	1	1	0
	238	238	1	'01008013'	'KVAR_C_Status'	8	214	1	1	0
	239	239	1	'01008014'	'V_Status'	8	214	1	1	0
	240	240	1	'01008015'	'V_A_Status'	8	214	1	1	0
	241	241	1	'01008016'	'V_B_Status'	8	214	1	1	0
	242	242	1	'01008017'	'V_C_Status'	8	214	1	1	0
	243	243	1	'01008018'	'A_Status'	8	214	1	1	0
	244	244	1	'01008019'	'A_A_Status'	8	214	1	1	0
	245	245	1	'01008020'	'A_B_Status'	8	214	1	1	0
	246	246	1	'01008021'	'A_C_Status'	8	214	1	1	0
	247	247	1	'01008022'	'PF_Status'	8	214	1	1	0
	248	248	1	'01008023'	'PF_A_Status'	8	214	1	1	0
	249	249	1	'01008024'	'PF_B_Status'	8	214	1	1	0
	250	250	1	'01008025'	'PF_C_Status'	8	214	1	1	0
	251	251	1	'01023001'	'FREQUENCY_Status'	23	214	1	1	0
	252	252	1	'01024001'	'FREQUENCY_Status'	24	214	1	1	0
	253	253	1	'01023002'	'KVAR_COMP_Status'	23	214	1	1	0
	254	254	1	'01024002'	'KVAR_COMP_Status'	24	214	1	1	0
	255	255	1	'01022003'	'A_N_Status'	22	214	1	1	0
	256	256	1	'01023003'	'A_N_Status'	23	214	1	1	0
	257	257	1	'01024003'	'A_N_Status'	24	214	1	1	0
	258	258	1	'01016001'	'KVAR_COMP_Status'	16	214	1	1	0
	259	259	1	'01009005'	'KW_COMP_Status'	9	214	1	1	0
	260	260	1	'01009006'	'KW_A_Status'	9	214	1	1	0
	261	261	1	'01009007'	'KW_B_Status'	9	214	1	1	0
	262	262	1	'01009008'	'KW_C_Status'	9	214	1	1	0
	263	263	1	'01009009'	'KVAR_Status'	9	214	1	1	0
	264	264	1	'01009010'	'KVAR_A_Status'	9	214	1	1	0
	265	265	1	'01009011'	'KVAR_B_Status'	9	214	1	1	0
	266	266	1	'01009012'	'KVAR_C_Status'	9	214	1	1	0
	267	267	1	'01009013'	'V_Status'	9	214	1	1	0
	268	268	1	'01009014'	'V_A_Status'	9	214	1	1	0
	269	269	1	'01009015'	'V_B_Status'	9	214	1	1	0
	270	270	1	'01009016'	'V_C_Status'	9	214	1	1	0
	271	271	1	'01009017'	'A_Status'	9	214	1	1	0
	272	272	1	'01009018'	'A_A_Status'	9	214	1	1	0
	273	273	1	'01009019'	'A_B_Status'	9	214	1	1	0
	274	274	1	'01009020'	'A_C_Status'	9	214	1	1	0
	275	275	1	'01009021'	'PF_Status'	9	214	1	1	0
	276	276	1	'01009022'	'PF_A_Status'	9	214	1	1	0
	277	277	1	'01009023'	'PF_B_Status'	9	214	1	1	0
	278	278	1	'01009024'	'PF_C_Status'	9	214	1	1	0
	279	279	1	'01017001'	'KVAR_COMP_Status'	17	214	1	1	0
	280	280	1	'01018001'	'KVAR_COMP_Status'	18	214	1	1	0
	281	281	1	'01019001'	'KVAR_COMP_Status'	19	214	1	1	0
	282	282	1	'01020001'	'KVAR_COMP_Status'	20	214	1	1	0
	283	283	1	'01021001'	'KVAR_COMP_Status'	21	214	1	1	0
	284	284	1	'01016002'	'FREQUENCY_Status'	16	214	1	1	0
	285	285	1	'01017002'	'FREQUENCY_Status'	17	214	1	1	0
	286	286	1	'01018002'	'FREQUENCY_Status'	18	214	1	1	0
	287	287	1	'01010005'	'KW_COMP_Status'	10	214	1	1	0
	288	288	1	'01010006'	'KW_A_Status'	10	214	1	1	0
	289	289	1	'01010007'	'KW_B_Status'	10	214	1	1	0
	290	290	1	'01010008'	'KW_C_Status'	10	214	1	1	0
	291	291	1	'01010009'	'KVAR_Status'	10	214	1	1	0
	292	292	1	'01010010'	'KVAR_A_Status'	10	214	1	1	0
	293	293	1	'01010011'	'KVAR_B_Status'	10	214	1	1	0
	294	294	1	'01010012'	'KVAR_C_Status'	10	214	1	1	0
	295	295	1	'01010013'	'V_Status'	10	214	1	1	0
	296	296	1	'01010014'	'V_A_Status'	10	214	1	1	0
	297	297	1	'01010015'	'V_B_Status'	10	214	1	1	0
	298	298	1	'01010016'	'V_C_Status'	10	214	1	1	0
	299	299	1	'01010017'	'A_Status'	10	214	1	1	0
	300	300	1	'01010018'	'A_A_Status'	10	214	1	1	0
	301	301	1	'01010019'	'A_B_Status'	10	214	1	1	0
	302	302	1	'01010020'	'A_C_Status'	10	214	1	1	0
	303	303	1	'01010021'	'PF_Status'	10	214	1	1	0
	304	304	1	'01010022'	'PF_A_Status'	10	214	1	1	0
	305	305	1	'01010023'	'PF_B_Status'	10	214	1	1	0
	306	306	1	'01010024'	'PF_C_Status'	10	214	1	1	0
	307	307	1	'01019002'	'FREQUENCY_Status'	19	214	1	1	0
	308	308	1	'01020002'	'FREQUENCY_Status'	20	214	1	1	0
	309	309	1	'01021002'	'FREQUENCY_Status'	21	214	1	1	0
	310	310	1	'01016003'	'A_N_Status'	16	214	1	1	0
	311	311	1	'01017003'	'A_N_Status'	17	214	1	1	0
	312	312	1	'01018003'	'A_N_Status'	18	214	1	1	0
	313	313	1	'01019003'	'A_N_Status'	19	214	1	1	0
	314	314	1	'01020003'	'A_N_Status'	20	214	1	1	0
	315	315	1	'01011005'	'KW_COMP_Status'	11	214	1	1	0
	316	316	1	'01011006'	'KW_A_Status'	11	214	1	1	0
	317	317	1	'01011007'	'KW_B_Status'	11	214	1	1	0
	318	318	1	'01011008'	'KW_C_Status'	11	214	1	1	0
	319	319	1	'01011009'	'KVAR_Status'	11	214	1	1	0
	320	320	1	'01011010'	'KVAR_A_Status'	11	214	1	1	0
	321	321	1	'01011011'	'KVAR_B_Status'	11	214	1	1	0
	322	322	1	'01011012'	'KVAR_C_Status'	11	214	1	1	0
	323	323	1	'01011013'	'V_Status'	11	214	1	1	0
	324	324	1	'01011014'	'V_A_Status'	11	214	1	1	0
	325	325	1	'01011015'	'V_B_Status'	11	214	1	1	0
	326	326	1	'01011016'	'V_C_Status'	11	214	1	1	0
	327	327	1	'01011017'	'A_Status'	11	214	1	1	0
	328	328	1	'01011018'	'A_A_Status'	11	214	1	1	0
	329	329	1	'01011019'	'A_B_Status'	11	214	1	1	0
	330	330	1	'01011020'	'A_C_Status'	11	214	1	1	0
	331	331	1	'01011021'	'PF_Status'	11	214	1	1	0
	332	332	1	'01011022'	'PF_A_Status'	11	214	1	1	0
	333	333	1	'01011023'	'PF_B_Status'	11	214	1	1	0
	334	334	1	'01011024'	'PF_C_Status'	11	214	1	1	0
	335	335	1	'01021003'	'A_N_Status'	21	214	1	1	0
	336	336	1	'01001095'	'SDG_CL'	1	208	1	1	1
	337	337	1	'01001096'	'SDG_RTU'	1	208	1	1	1
	338	338	1	'01028001'	'KW_COMP_Status'	28	214	1	1	0
	339	339	1	'01028002'	'FREQUENCY_Status'	28	214	1	1	0
	340	340	1	'01028003'	'A_N_Status'	28	214	1	1	0
	341	341	1	'01029001'	'FREQUENCY_Status'	29	214	1	1	0
	342	342	1	'01012001'	'A_N_Status'	12	214	1	1	0
	343	343	1	'01012002'	'KW_COMP_Status'	12	214	1	1	0
	344	344	1	'01012003'	'KW_A_Status'	12	214	1	1	0
	345	345	1	'01012004'	'KW_B_Status'	12	214	1	1	0
	346	346	1	'01012005'	'KW_C_Status'	12	214	1	1	0
	347	347	1	'01012006'	'KVAR_Status'	12	214	1	1	0
	348	348	1	'01012007'	'KVAR_A_Status'	12	214	1	1	0
	349	349	1	'01012008'	'KVAR_B_Status'	12	214	1	1	0
	350	350	1	'01012009'	'KVAR_C_Status'	12	214	1	1	0
	351	351	1	'01012010'	'V_Status'	12	214	1	1	0
	352	352	1	'01012011'	'V_A_Status'	12	214	1	1	0
	353	353	1	'01012012'	'V_B_Status'	12	214	1	1	0
	354	354	1	'01012013'	'V_C_Status'	12	214	1	1	0
	355	355	1	'01012014'	'A_Status'	12	214	1	1	0
	356	356	1	'01012015'	'A_A_Status'	12	214	1	1	0
	357	357	1	'01012016'	'A_B_Status'	12	214	1	1	0
	358	358	1	'01012017'	'A_C_Status'	12	214	1	1	0
	359	359	1	'01012018'	'PF_Status'	12	214	1	1	0
	360	360	1	'01012019'	'PF_A_Status'	12	214	1	1	0
	361	361	1	'01012020'	'PF_B_Status'	12	214	1	1	0
	362	362	1	'01012021'	'PF_C_Status'	12	214	1	1	0
	363	363	1	'01029002'	'KVAR_COMP_Status'	29	214	1	1	0
	364	364	1	'01030001'	'KVAR_COMP_Status'	30	214	1	1	0
	365	365	1	'01030002'	'FREQUENCY_Status'	30	214	1	1	0
	366	366	1	'01030003'	'A_N_Status'	30	214	1	1	0
	367	367	1	'01031001'	'KW_COMP_Status'	31	214	1	1	0
	368	368	1	'01031002'	'FREQUENCY_Status'	31	214	1	1	0
	369	369	1	'01031003'	'A_N_Status'	31	214	1	1	0
	370	370	1	'01032001'	'FREQUENCY_Status'	32	214	1	1	0
	371	371	1	'01013005'	'KW_COMP_Status'	13	214	1	1	0
	372	372	1	'01013006'	'KW_A_Status'	13	214	1	1	0
	373	373	1	'01013007'	'KW_B_Status'	13	214	1	1	0
	374	374	1	'01013008'	'KW_C_Status'	13	214	1	1	0
	375	375	1	'01013009'	'KVAR_COMP_Status'	13	214	1	1	0
	376	376	1	'01013010'	'KVAR_A_Status'	13	214	1	1	0
	377	377	1	'01013011'	'KVAR_B_Status'	13	214	1	1	0
	378	378	1	'01013012'	'KVAR_C_Status'	13	214	1	1	0
	379	379	1	'01013013'	'V_Status'	13	214	1	1	0
	380	380	1	'01013014'	'V_A_Status'	13	214	1	1	0
	381	381	1	'01013015'	'V_B_Status'	13	214	1	1	0
	382	382	1	'01013016'	'V_C_Status'	13	214	1	1	0
	383	383	1	'01013017'	'A_Status'	13	214	1	1	0
	384	384	1	'01013018'	'A_A_Status'	13	214	1	1	0
	385	385	1	'01013019'	'A_B_Status'	13	214	1	1	0
	386	386	1	'01013020'	'A_C_Status'	13	214	1	1	0
	387	387	1	'01013021'	'PF_Status'	13	214	1	1	0
	388	388	1	'01013022'	'PF_A_Status'	13	214	1	1	0
	389	389	1	'01013023'	'PF_B_Status'	13	214	1	1	0
	390	390	1	'01013024'	'PF_C_Status'	13	214	1	1	0
	391	391	1	'01032002'	'KVAR_COMP_Status'	32	214	1	1	0
	392	392	1	'01032003'	'A_N_Status'	32	214	1	1	0
	393	393	1	'01033001'	'FREQUENCY_Status'	33	214	1	1	0
	394	394	1	'01034001'	'FREQUENCY_Status'	34	214	1	1	0
	395	395	1	'01033002'	'A_N_Status'	33	214	1	1	0
	396	396	1	'01034002'	'A_N_Status'	34	214	1	1	0
	397	397	1	'01035001'	'A_N_Status'	35	214	1	1	0
	398	398	1	'01035002'	'FREQUENCY_Status'	35	214	1	1	0
	399	399	1	'01014004'	'KW_COMP_Status'	14	214	1	1	0
	400	400	1	'01014005'	'KW_A_Status'	14	214	1	1	0
	401	401	1	'01014006'	'KW_B_Status'	14	214	1	1	0
	402	402	1	'01014007'	'KW_C_Status'	14	214	1	1	0
	403	403	1	'01014008'	'KVAR_Status'	14	214	1	1	0
	404	404	1	'01014009'	'KVAR_A_Status'	14	214	1	1	0
	405	405	1	'01014010'	'KVAR_B_Status'	14	214	1	1	0
	406	406	1	'01014011'	'KVAR_C_Status'	14	214	1	1	0
	407	407	1	'01014012'	'V_Status'	14	214	1	1	0
	408	408	1	'01014013'	'V_A_Status'	14	214	1	1	0
	409	409	1	'01014014'	'V_B_Status'	14	214	1	1	0
	410	410	1	'01014015'	'V_C_Status'	14	214	1	1	0
	411	411	1	'01014016'	'A_Status'	14	214	1	1	0
	412	412	1	'01014017'	'A_A_Status'	14	214	1	1	0
	413	413	1	'01014018'	'A_B_Status'	14	214	1	1	0
	414	414	1	'01014019'	'A_C_Status'	14	214	1	1	0
	415	415	1	'01014020'	'PF_Status'	14	214	1	1	0
	416	416	1	'01014021'	'PF_A_Status'	14	214	1	1	0
	417	417	1	'01014022'	'PF_B_Status'	14	214	1	1	0
	418	418	1	'01014023'	'PF_C_Status'	14	214	1	1	0
	419	419	1	'01014024'	'KW_Status'	14	214	1	1	0
	420	420	1	'01039004'	'DS1_Signal_Status'	39	216	1	1	0
	421	421	1	'01039005'	'DS2_Signal_Status'	39	216	1	1	0
	422	422	1	'01039006'	'DS3_Signal_Status'	39	216	1	1	0
	423	423	1	'01012022'	'KW_Status'	12	214	1	1	0
	424	424	1	'01039007'	'SPC_Load_Faillure'	39	216	1	1	0
	425	425	1	'01001097'	'ROC07A_PRI_RTU'	1	208	1	1	1
	426	426	1	'01001098'	'ROC07A_CHK_RTU'	1	208	1	1	1
	427	427	1	'01015004'	'KW_COMP_Status'	15	214	1	1	0
	428	428	1	'01015005'	'KW_A_Status'	15	214	1	1	0
	429	429	1	'01015006'	'KW_B_Status'	15	214	1	1	0
	430	430	1	'01015007'	'KW_C_Status'	15	214	1	1	0
	431	431	1	'01015008'	'KVAR_Status'	15	214	1	1	0
	432	432	1	'01015009'	'KVAR_A_Status'	15	214	1	1	0
	433	433	1	'01015010'	'KVAR_B_Status'	15	214	1	1	0
	434	434	1	'01015011'	'KVAR_C_Status'	15	214	1	1	0
	435	435	1	'01015012'	'V_Status'	15	214	1	1	0
	436	436	1	'01015013'	'V_A_Status'	15	214	1	1	0
	437	437	1	'01015014'	'V_B_Status'	15	214	1	1	0
	438	438	1	'01015015'	'V_C_Status'	15	214	1	1	0
	439	439	1	'01015016'	'A_Status'	15	214	1	1	0
	440	440	1	'01015017'	'A_A_Status'	15	214	1	1	0
	441	441	1	'01015018'	'A_B_Status'	15	214	1	1	0
	442	442	1	'01015019'	'A_C_Status'	15	214	1	1	0
	443	443	1	'01015020'	'PF_Status'	15	214	1	1	0
	444	444	1	'01015021'	'PF_A_Status'	15	214	1	1	0
	445	445	1	'01015022'	'PF_B_Status'	15	214	1	1	0
	446	446	1	'01015023'	'PF_C_Status'	15	214	1	1	0
	447	447	1	'01015024'	'KW_Status'	15	214	1	1	0
	448	448	1	'01040001'	'KW_COMP_Status'	40	214	1	1	0
	449	449	1	'01040002'	'FREQUENCY_Status'	40	214	1	1	0
	450	450	1	'01040003'	'A_N_Status'	40	214	1	1	0
	451	451	1	'01040004'	'KVAR_COMP_Status'	40	214	1	1	0
	452	452	1	'01040005'	'KW_Status'	40	214	1	1	0
	453	453	1	'01040006'	'KW_A_Status'	40	214	1	1	0
	454	454	1	'01040007'	'KW_B_Status'	40	214	1	1	0
	455	455	1	'01016004'	'KW_COMP_Status'	16	214	1	1	0
	456	456	1	'01016005'	'KW_A_Status'	16	214	1	1	0
	457	457	1	'01016006'	'KW_B_Status'	16	214	1	1	0
	458	458	1	'01016007'	'KW_C_Status'	16	214	1	1	0
	459	459	1	'01016008'	'KVAR_Status'	16	214	1	1	0
	460	460	1	'01016009'	'KVAR_A_Status'	16	214	1	1	0
	461	461	1	'01016010'	'KVAR_B_Status'	16	214	1	1	0
	462	462	1	'01016011'	'KVAR_C_Status'	16	214	1	1	0
	463	463	1	'01016012'	'V_Status'	16	214	1	1	0
	464	464	1	'01016013'	'V_A_Status'	16	214	1	1	0
	465	465	1	'01016014'	'V_B_Status'	16	214	1	1	0
	466	466	1	'01016015'	'V_C_Status'	16	214	1	1	0
	467	467	1	'01016016'	'A_Status'	16	214	1	1	0
	468	468	1	'01016017'	'A_A_Status'	16	214	1	1	0
	469	469	1	'01016018'	'A_B_Status'	16	214	1	1	0
	470	470	1	'01016019'	'A_C_Status'	16	214	1	1	0
	471	471	1	'01016020'	'PF_Status'	16	214	1	1	0
	472	472	1	'01016021'	'PF_A_Status'	16	214	1	1	0
	473	473	1	'01016022'	'PF_B_Status'	16	214	1	1	0
	474	474	1	'01016023'	'PF_C_Status'	16	214	1	1	0
	475	475	1	'01016024'	'KW_Status'	16	214	1	1	0
	476	476	1	'01040008'	'KW_C_Status'	40	214	1	1	0
	477	477	1	'01040009'	'KVAR_Status'	40	214	1	1	0
	478	478	1	'01040010'	'KVAR_A_Status'	40	214	1	1	0
	479	479	1	'01040011'	'KVAR_B_Status'	40	214	1	1	0
	480	480	1	'01040012'	'KVAR_C_Status'	40	214	1	1	0
	481	481	1	'01040013'	'V_Status'	40	214	1	1	0
	482	482	1	'01040014'	'V_A_Status'	40	214	1	1	0
	483	483	1	'01017004'	'KW_COMP_Status'	17	214	1	1	0
	484	484	1	'01017005'	'KW_A_Status'	17	214	1	1	0
	485	485	1	'01017006'	'KW_B_Status'	17	214	1	1	0
	486	486	1	'01017007'	'KW_C_Status'	17	214	1	1	0
	487	487	1	'01017008'	'KVAR_Status'	17	214	1	1	0
	488	488	1	'01017009'	'KVAR_A_Status'	17	214	1	1	0
	489	489	1	'01017010'	'KVAR_B_Status'	17	214	1	1	0
	490	490	1	'01017011'	'KVAR_C_Status'	17	214	1	1	0
	491	491	1	'01017012'	'V_Status'	17	214	1	1	0
	492	492	1	'01017013'	'V_A_Status'	17	214	1	1	0
	493	493	1	'01017014'	'V_B_Status'	17	214	1	1	0
	494	494	1	'01017015'	'V_C_Status'	17	214	1	1	0
	495	495	1	'01017016'	'A_Status'	17	214	1	1	0
	496	496	1	'01017017'	'A_A_Status'	17	214	1	1	0
	497	497	1	'01017018'	'A_B_Status'	17	214	1	1	0
	498	498	1	'01017019'	'A_C_Status'	17	214	1	1	0
	499	499	1	'01017020'	'PF_Status'	17	214	1	1	0
	500	500	1	'01017021'	'PF_A_Status'	17	214	1	1	0
	501	501	1	'01017022'	'PF_B_Status'	17	214	1	1	0
	502	502	1	'01017023'	'PF_C_Status'	17	214	1	1	0
	503	503	1	'01017024'	'KW_Status'	17	214	1	1	0
	504	504	1	'01040015'	'V_B_Status'	40	214	1	1	0
	505	505	1	'01040016'	'V_C_Status'	40	214	1	1	0
	506	506	1	'01040017'	'A_Status'	40	214	1	1	0
	507	507	1	'01040018'	'A_A_Status'	40	214	1	1	0
	508	508	1	'01040019'	'A_B_Status'	40	214	1	1	0
	509	509	1	'01040020'	'A_C_Status'	40	214	1	1	0
	510	510	1	'01040021'	'PF_Status'	40	214	1	1	0
	511	511	1	'01018004'	'KW_COMP_Status'	18	214	1	1	0
	512	512	1	'01018005'	'KW_A_Status'	18	214	1	1	0
	513	513	1	'01018006'	'KW_B_Status'	18	214	1	1	0
	514	514	1	'01018007'	'KW_C_Status'	18	214	1	1	0
	515	515	1	'01018008'	'KVAR_Status'	18	214	1	1	0
	516	516	1	'01018009'	'KVAR_A_Status'	18	214	1	1	0
	517	517	1	'01018010'	'KVAR_B_Status'	18	214	1	1	0
	518	518	1	'01018011'	'KVAR_C_Status'	18	214	1	1	0
	519	519	1	'01018012'	'V_Status'	18	214	1	1	0
	520	520	1	'01018013'	'V_A_Status'	18	214	1	1	0
	521	521	1	'01018014'	'V_B_Status'	18	214	1	1	0
	522	522	1	'01018015'	'V_C_Status'	18	214	1	1	0
	523	523	1	'01018016'	'A_Status'	18	214	1	1	0
	524	524	1	'01018017'	'A_A_Status'	18	214	1	1	0
	525	525	1	'01018018'	'A_B_Status'	18	214	1	1	0
	526	526	1	'01018019'	'A_C_Status'	18	214	1	1	0
	527	527	1	'01018020'	'PF_Status'	18	214	1	1	0
	528	528	1	'01018021'	'PF_A_Status'	18	214	1	1	0
	529	529	1	'01018022'	'PF_B_Status'	18	214	1	1	0
	530	530	1	'01018023'	'PF_C_Status'	18	214	1	1	0
	531	531	1	'01018024'	'KW_Status'	18	214	1	1	0
	532	532	1	'01040022'	'PF_A_Status'	40	214	1	1	0
	533	533	1	'01040023'	'PF_B_Status'	40	214	1	1	0
	534	534	1	'01040024'	'PF_C_Status'	40	214	1	1	0
	535	535	1	'01040025'	'AC_LOSS_Status'	40	215	1	1	1
	536	536	1	'01038001'	'S1_POSITION'	38	202	1	1	1
	537	537	1	'01038002'	'S2_POSITION'	38	202	1	1	0
	538	538	1	'01038003'	'AUX_LED1'	38	217	1	1	0
	539	539	1	'01019004'	'KW_COMP_Status'	19	214	1	1	0
	540	540	1	'01019005'	'KW_A_Status'	19	214	1	1	0
	541	541	1	'01019006'	'KW_B_Status'	19	214	1	1	0
	542	542	1	'01019007'	'KW_C_Status'	19	214	1	1	0
	543	543	1	'01019008'	'KVAR_Status'	19	214	1	1	0
	544	544	1	'01019009'	'KVAR_A_Status'	19	214	1	1	0
	545	545	1	'01019010'	'KVAR_B_Status'	19	214	1	1	0
	546	546	1	'01019011'	'KVAR_C_Status'	19	214	1	1	0
	547	547	1	'01019012'	'V_Status'	19	214	1	1	0
	548	548	1	'01019013'	'V_A_Status'	19	214	1	1	0
	549	549	1	'01019014'	'V_B_Status'	19	214	1	1	0
	550	550	1	'01019015'	'V_C_Status'	19	214	1	1	0
	551	551	1	'01019016'	'A_Status'	19	214	1	1	0
	552	552	1	'01019017'	'A_A_Status'	19	214	1	1	0
	553	553	1	'01019018'	'A_B_Status'	19	214	1	1	0
	554	554	1	'01019019'	'A_C_Status'	19	214	1	1	0
	555	555	1	'01019020'	'PF_Status'	19	214	1	1	0
	556	556	1	'01019021'	'PF_A_Status'	19	214	1	1	0
	557	557	1	'01019022'	'PF_B_Status'	19	214	1	1	0
	558	558	1	'01019023'	'PF_C_Status'	19	214	1	1	0
	559	559	1	'01019024'	'KW_Status'	19	214	1	1	0
	560	560	1	'01038004'	'RTAC_UPS_ALARM'	38	220	1	1	0
	561	561	1	'01003001'	'WEATHER_FILE_STATUS'	3	215	1	1	0
	562	562	1	'01002001'	'Q1000Comm_Status'	2	208	1	1	1
	563	563	1	'01002002'	'RTU_Status'	2	208	1	1	1
	564	564	1	'01001099'	'DUKE_ICCP_SRV'	1	208	1	1	1
	565	565	1	'01041001'	'KVAR_COMP_Status'	41	214	1	1	0
	566	566	1	'01041002'	'FREQUENCY_Status'	41	214	1	1	0
	567	567	1	'01020004'	'KW_COMP_Status'	20	214	1	1	0
	568	568	1	'01020005'	'KW_A_Status'	20	214	1	1	0
	569	569	1	'01020006'	'KW_B_Status'	20	214	1	1	0
	570	570	1	'01020007'	'KW_C_Status'	20	214	1	1	0
	571	571	1	'01020008'	'KVAR_Status'	20	214	1	1	0
	572	572	1	'01020009'	'KVAR_A_Status'	20	214	1	1	0
	573	573	1	'01020010'	'KVAR_B_Status'	20	214	1	1	0
	574	574	1	'01020011'	'KVAR_C_Status'	20	214	1	1	0
	575	575	1	'01020012'	'V_Status'	20	214	1	1	0
	576	576	1	'01020013'	'V_A_Status'	20	214	1	1	0
	577	577	1	'01020014'	'V_B_Status'	20	214	1	1	0
	578	578	1	'01020015'	'V_C_Status'	20	214	1	1	0
	579	579	1	'01020016'	'A_Status'	20	214	1	1	0
	580	580	1	'01020017'	'A_A_Status'	20	214	1	1	0
	581	581	1	'01020018'	'A_B_Status'	20	214	1	1	0
	582	582	1	'01020019'	'A_C_Status'	20	214	1	1	0
	583	583	1	'01020020'	'PF_Status'	20	214	1	1	0
	584	584	1	'01020021'	'PF_A_Status'	20	214	1	1	0
	585	585	1	'01020022'	'PF_B_Status'	20	214	1	1	0
	586	586	1	'01020023'	'PF_C_Status'	20	214	1	1	0
	587	587	1	'01020024'	'KW_Status'	20	214	1	1	0
	588	588	1	'01041003'	'A_N_Status'	41	214	1	1	0
	589	589	1	'01041004'	'KW_COMP_Status'	41	214	1	1	0
	590	590	1	'01041005'	'KW_A_Status'	41	214	1	1	0
	591	591	1	'01041006'	'KW_B_Status'	41	214	1	1	0
	592	592	1	'01041007'	'KW_C_Status'	41	214	1	1	0
	593	593	1	'01041008'	'KVAR_Status'	41	214	1	1	0
	594	594	1	'01041009'	'KVAR_A_Status'	41	214	1	1	0
	595	595	1	'01021004'	'KW_COMP_Status'	21	214	1	1	0
	596	596	1	'01021005'	'KW_A_Status'	21	214	1	1	0
	597	597	1	'01021006'	'KW_B_Status'	21	214	1	1	0
	598	598	1	'01021007'	'KW_C_Status'	21	214	1	1	0
	599	599	1	'01021008'	'KVAR_Status'	21	214	1	1	0
	600	600	1	'01021009'	'KVAR_A_Status'	21	214	1	1	0
	601	601	1	'01021010'	'KVAR_B_Status'	21	214	1	1	0
	602	602	1	'01021011'	'KVAR_C_Status'	21	214	1	1	0
	603	603	1	'01021012'	'V_Status'	21	214	1	1	0
	604	604	1	'01021013'	'V_A_Status'	21	214	1	1	0
	605	605	1	'01021014'	'V_B_Status'	21	214	1	1	0
	606	606	1	'01021015'	'V_C_Status'	21	214	1	1	0
	607	607	1	'01021016'	'A_Status'	21	214	1	1	0
	608	608	1	'01021017'	'A_A_Status'	21	214	1	1	0
	609	609	1	'01021018'	'A_B_Status'	21	214	1	1	0
	610	610	1	'01021019'	'A_C_Status'	21	214	1	1	0
	611	611	1	'01021020'	'PF_Status'	21	214	1	1	0
	612	612	1	'01021021'	'PF_A_Status'	21	214	1	1	0
	613	613	1	'01021022'	'PF_B_Status'	21	214	1	1	0
	614	614	1	'01021023'	'PF_C_Status'	21	214	1	1	0
	615	615	1	'01021024'	'KW_Status'	21	214	1	1	0
	616	616	1	'01041010'	'KVAR_B_Status'	41	214	1	1	0
	617	617	1	'01041011'	'KVAR_C_Status'	41	214	1	1	0
	618	618	1	'01041012'	'V_Status'	41	214	1	1	0
	619	619	1	'01041013'	'V_A_Status'	41	214	1	1	0
	620	620	1	'01041014'	'V_B_Status'	41	214	1	1	0
	621	621	1	'01041015'	'V_C_Status'	41	214	1	1	0
	622	622	1	'01041016'	'A_Status'	41	214	1	1	0
	623	623	1	'01022004'	'KW_COMP_Status'	22	214	1	1	0
	624	624	1	'01022005'	'KW_A_Status'	22	214	1	1	0
	625	625	1	'01022006'	'KW_B_Status'	22	214	1	1	0
	626	626	1	'01022007'	'KW_C_Status'	22	214	1	1	0
	627	627	1	'01022008'	'KVAR_Status'	22	214	1	1	0
	628	628	1	'01022009'	'KVAR_A_Status'	22	214	1	1	0
	629	629	1	'01022010'	'KVAR_B_Status'	22	214	1	1	0
	630	630	1	'01022011'	'KVAR_C_Status'	22	214	1	1	0
	631	631	1	'01022012'	'V_Status'	22	214	1	1	0
	632	632	1	'01022013'	'V_A_Status'	22	214	1	1	0
	633	633	1	'01022014'	'V_B_Status'	22	214	1	1	0
	634	634	1	'01022015'	'V_C_Status'	22	214	1	1	0
	635	635	1	'01022016'	'A_Status'	22	214	1	1	0
	636	636	1	'01022017'	'A_A_Status'	22	214	1	1	0
	637	637	1	'01022018'	'A_B_Status'	22	214	1	1	0
	638	638	1	'01022019'	'A_C_Status'	22	214	1	1	0
	639	639	1	'01022020'	'PF_Status'	22	214	1	1	0
	640	640	1	'01022021'	'PF_A_Status'	22	214	1	1	0
	641	641	1	'01022022'	'PF_B_Status'	22	214	1	1	0
	642	642	1	'01022023'	'PF_C_Status'	22	214	1	1	0
	643	643	1	'01022024'	'KW_Status'	22	214	1	1	0
	644	644	1	'01022025'	'KW_A_UN_Status'	22	214	1	1	0
	645	645	1	'01022026'	'KW_B_UN_Status'	22	214	1	1	0
	646	646	1	'01022027'	'KW_C_UN_Status'	22	214	1	1	0
	647	647	1	'01022028'	'KVAR_UN_Status'	22	214	1	1	0
	648	648	1	'01022029'	'KVAR_A_UN_Status'	22	214	1	1	0
	649	649	1	'01022030'	'KVAR_B_UN_Status'	22	214	1	1	0
	650	650	1	'01022031'	'KVAR_C_UN_Status'	22	214	1	1	0
	651	651	1	'01023004'	'KW_COMP_Status'	23	214	1	1	0
	652	652	1	'01023005'	'KW_A_Status'	23	214	1	1	0
	653	653	1	'01023006'	'KW_B_Status'	23	214	1	1	0
	654	654	1	'01023007'	'KW_C_Status'	23	214	1	1	0
	655	655	1	'01023008'	'KVAR_Status'	23	214	1	1	0
	656	656	1	'01023009'	'KVAR_A_Status'	23	214	1	1	0
	657	657	1	'01023010'	'KVAR_B_Status'	23	214	1	1	0
	658	658	1	'01023011'	'KVAR_C_Status'	23	214	1	1	0
	659	659	1	'01023012'	'V_Status'	23	214	1	1	0
	660	660	1	'01023013'	'V_A_Status'	23	214	1	1	0
	661	661	1	'01023014'	'V_B_Status'	23	214	1	1	0
	662	662	1	'01023015'	'V_C_Status'	23	214	1	1	0
	663	663	1	'01023016'	'A_Status'	23	214	1	1	0
	664	664	1	'01023017'	'A_A_Status'	23	214	1	1	0
	665	665	1	'01023018'	'A_B_Status'	23	214	1	1	0
	666	666	1	'01023019'	'A_C_Status'	23	214	1	1	0
	667	667	1	'01023020'	'PF_Status'	23	214	1	1	0
	668	668	1	'01023021'	'PF_A_Status'	23	214	1	1	0
	669	669	1	'01023022'	'PF_B_Status'	23	214	1	1	0
	670	670	1	'01023023'	'PF_C_Status'	23	214	1	1	0
	671	671	1	'01023024'	'KW_Status'	23	214	1	1	0
	672	672	1	'01041017'	'A_A_Status'	41	214	1	1	0
	673	673	1	'01041018'	'A_B_Status'	41	214	1	1	0
	674	674	1	'01041019'	'A_C_Status'	41	214	1	1	0
	675	675	1	'01041020'	'PF_Status'	41	214	1	1	0
	676	676	1	'01041021'	'PF_A_Status'	41	214	1	1	0
	677	677	1	'01041022'	'PF_B_Status'	41	214	1	1	0
	678	678	1	'01041023'	'PF_C_Status'	41	214	1	1	0
	679	679	1	'01024004'	'KW_COMP_Status'	24	214	1	1	0
	680	680	1	'01024005'	'KW_A_Status'	24	214	1	1	0
	681	681	1	'01024006'	'KW_B_Status'	24	214	1	1	0
	682	682	1	'01024007'	'KW_C_Status'	24	214	1	1	0
	683	683	1	'01024008'	'KVAR_Status'	24	214	1	1	0
	684	684	1	'01024009'	'KVAR_A_Status'	24	214	1	1	0
	685	685	1	'01024010'	'KVAR_B_Status'	24	214	1	1	0
	686	686	1	'01024011'	'KVAR_C_Status'	24	214	1	1	0
	687	687	1	'01024012'	'V_Status'	24	214	1	1	0
	688	688	1	'01024013'	'V_A_Status'	24	214	1	1	0
	689	689	1	'01024014'	'V_B_Status'	24	214	1	1	0
	690	690	1	'01024015'	'V_C_Status'	24	214	1	1	0
	691	691	1	'01024016'	'A_Status'	24	214	1	1	0
	692	692	1	'01024017'	'A_A_Status'	24	214	1	1	0
	693	693	1	'01024018'	'A_B_Status'	24	214	1	1	0
	694	694	1	'01024019'	'A_C_Status'	24	214	1	1	0
	695	695	1	'01024020'	'PF_Status'	24	214	1	1	0
	696	696	1	'01024021'	'PF_A_Status'	24	214	1	1	0
	697	697	1	'01024022'	'PF_B_Status'	24	214	1	1	0
	698	698	1	'01024023'	'PF_C_Status'	24	214	1	1	0
	699	699	1	'01024024'	'KW_Status'	24	214	1	1	0
	700	700	1	'01041024'	'KW_Status'	41	214	1	1	0
	701	701	1	'01041025'	'DC_LOSS_Status'	41	215	1	1	1
	702	702	1	'01001100'	'GRE06_PRI_RTU'	1	208	1	1	1
	703	703	1	'01002003'	'ACLOSS_Status'	2	215	1	1	1
	704	704	1	'01001101'	'GRE06_CHK_RTU'	1	208	1	1	1
	705	705	1	'01001102'	'GRE05A_PRI_RTU'	1	208	1	1	1
	706	706	1	'01042001'	'KVAR_COMP_Status'	42	214	1	1	0
	707	707	1	'01025002'	'KW_COMP_Status'	25	214	1	1	0
	708	708	1	'01018025'	'AC_LOSS_Status'	18	215	1	1	1
	709	709	1	'01016025'	'AC_LOSS_Status'	16	215	1	1	1
	710	710	1	'01017025'	'AC_LOSS_Status'	17	215	1	1	1
	711	711	1	'01025003'	'KVAR_COMP_Status'	25	214	1	1	0
	712	712	1	'01025004'	'A_N_Status'	25	214	1	1	0
	713	713	1	'01036001'	'PRI_WES01_COMMDOWN_Status'	36	208	1	1	0
	714	714	1	'01019025'	'AC_LOSS_Status'	19	215	1	1	1
	715	715	1	'01025005'	'V_Status'	25	214	1	1	0
	716	716	1	'01025006'	'V_A_Status'	25	214	1	1	0
	717	717	1	'01025007'	'V_B_Status'	25	214	1	1	0
	718	718	1	'01025008'	'V_C_Status'	25	214	1	1	0
	719	719	1	'01025009'	'A_Status'	25	214	1	1	0
	720	720	1	'01025010'	'A_A_Status'	25	214	1	1	0
	721	721	1	'01025011'	'A_B_Status'	25	214	1	1	0
	722	722	1	'01025012'	'A_C_Status'	25	214	1	1	0
	723	723	1	'01025013'	'PF_Status'	25	214	1	1	0
	724	724	1	'01025014'	'PF_A_Status'	25	214	1	1	0
	725	725	1	'01025015'	'PF_B_Status'	25	214	1	1	0
	726	726	1	'01025016'	'PF_C_Status'	25	214	1	1	0
	727	727	1	'01025017'	'KW_Status'	25	214	1	1	0
	728	728	1	'01025018'	'KW_A_Status'	25	214	1	1	0
	729	729	1	'01025019'	'KW_B_Status'	25	214	1	1	0
	730	730	1	'01025020'	'KW_C_Status'	25	214	1	1	0
	731	731	1	'01025021'	'KVAR_Status'	25	214	1	1	0
	732	732	1	'01025022'	'KVAR_A_Status'	25	214	1	1	0
	733	733	1	'01025023'	'KVAR_B_Status'	25	214	1	1	0
	734	734	1	'01025024'	'KVAR_C_Status'	25	214	1	1	0
	735	735	1	'01026001'	'KW_COMP_Status'	26	214	1	1	0
	736	736	1	'01026002'	'KW_A_Status'	26	214	1	1	0
	737	737	1	'01026003'	'KW_B_Status'	26	214	1	1	0
	738	738	1	'01026004'	'KW_C_Status'	26	214	1	1	0
	739	739	1	'01026005'	'KVAR_Status'	26	214	1	1	0
	740	740	1	'01026006'	'A_N_Status'	26	214	1	1	0
	741	741	1	'01026007'	'KVAR_B_Status'	26	214	1	1	0
	742	742	1	'01026008'	'KVAR_C_Status'	26	214	1	1	0
	743	743	1	'01026009'	'V_Status'	26	214	1	1	0
	744	744	1	'01026010'	'V_A_Status'	26	214	1	1	0
	745	745	1	'01026011'	'V_B_Status'	26	214	1	1	0
	746	746	1	'01026012'	'V_C_Status'	26	214	1	1	0
	747	747	1	'01026013'	'A_Status'	26	214	1	1	0
	748	748	1	'01026014'	'A_A_Status'	26	214	1	1	0
	749	749	1	'01026015'	'A_B_Status'	26	214	1	1	0
	750	750	1	'01026016'	'A_C_Status'	26	214	1	1	0
	751	751	1	'01026017'	'PF_Status'	26	214	1	1	0
	752	752	1	'01026018'	'PF_A_Status'	26	214	1	1	0
	753	753	1	'01026019'	'PF_B_Status'	26	214	1	1	0
	754	754	1	'01026020'	'PF_C_Status'	26	214	1	1	0
	755	755	1	'01036002'	'A_N_Status'	36	214	1	1	0
	756	756	1	'01036003'	'FREQUENCY_Status'	36	214	1	1	0
	757	757	1	'01033003'	'KVAR_COMP_Status'	33	214	1	1	0
	758	758	1	'01034003'	'KVAR_COMP_Status'	34	214	1	1	0
	759	759	1	'01035003'	'KVAR_COMP_Status'	35	214	1	1	0
	760	760	1	'01036004'	'KVAR_COMP_Status'	36	214	1	1	0
	761	761	1	'01028004'	'KVAR_COMP_Status'	28	214	1	1	0
	762	762	1	'01029003'	'A_N_Status'	29	214	1	1	0
	763	763	1	'01027001'	'KW_Status'	27	214	1	1	0
	764	764	1	'01027002'	'KW_A_Status'	27	214	1	1	0
	765	765	1	'01027003'	'KW_B_Status'	27	214	1	1	0
	766	766	1	'01027004'	'KW_C_Status'	27	214	1	1	0
	767	767	1	'01027005'	'KVAR_Status'	27	214	1	1	0
	768	768	1	'01027006'	'A_N_Status'	27	214	1	1	0
	769	769	1	'01027007'	'KVAR_B_Status'	27	214	1	1	0
	770	770	1	'01027008'	'KVAR_C_Status'	27	214	1	1	0
	771	771	1	'01027009'	'V_Status'	27	214	1	1	0
	772	772	1	'01027010'	'V_A_Status'	27	214	1	1	0
	773	773	1	'01027011'	'V_B_Status'	27	214	1	1	0
	774	774	1	'01027012'	'V_C_Status'	27	214	1	1	0
	775	775	1	'01027013'	'A_Status'	27	214	1	1	0
	776	776	1	'01027014'	'A_A_Status'	27	214	1	1	0
	777	777	1	'01027015'	'A_B_Status'	27	214	1	1	0
	778	778	1	'01027016'	'A_C_Status'	27	214	1	1	0
	779	779	1	'01027017'	'PF_Status'	27	214	1	1	0
	780	780	1	'01027018'	'PF_A_Status'	27	214	1	1	0
	781	781	1	'01027019'	'PF_B_Status'	27	214	1	1	0
	782	782	1	'01027020'	'PF_C_Status'	27	214	1	1	0
	783	783	1	'01031004'	'KVAR_COMP_Status'	31	214	1	1	0
	784	784	1	'01042002'	'FREQUENCY_Status'	42	214	1	1	0
	785	785	1	'01042003'	'A_N_Status'	42	214	1	1	0
	786	786	1	'01042004'	'KW_COMP_Status'	42	214	1	1	0
	787	787	1	'01042005'	'KW_A_Status'	42	214	1	1	0
	788	788	1	'01042006'	'KW_B_Status'	42	214	1	1	0
	789	789	1	'01042007'	'KW_C_Status'	42	214	1	1	0
	790	790	1	'01042008'	'KVAR_Status'	42	214	1	1	0
	791	791	1	'01028005'	'KW_Status'	28	214	1	1	0
	792	792	1	'01028006'	'KW_A_Status'	28	214	1	1	0
	793	793	1	'01028007'	'KW_B_Status'	28	214	1	1	0
	794	794	1	'01028008'	'KW_C_Status'	28	214	1	1	0
	795	795	1	'01028009'	'KVAR_Status'	28	214	1	1	0
	796	796	1	'01028010'	'KVAR_A_Status'	28	214	1	1	0
	797	797	1	'01028011'	'KVAR_B_Status'	28	214	1	1	0
	798	798	1	'01028012'	'KVAR_C_Status'	28	214	1	1	0
	799	799	1	'01028013'	'V_Status'	28	214	1	1	0
	800	800	1	'01028014'	'V_A_Status'	28	214	1	1	0
	801	801	1	'01028015'	'V_B_Status'	28	214	1	1	0
	802	802	1	'01028016'	'V_C_Status'	28	214	1	1	0
	803	803	1	'01028017'	'A_Status'	28	214	1	1	0
	804	804	1	'01028018'	'A_A_Status'	28	214	1	1	0
	805	805	1	'01028019'	'A_B_Status'	28	214	1	1	0
	806	806	1	'01028020'	'A_C_Status'	28	214	1	1	0
	807	807	1	'01028021'	'PF_Status'	28	214	1	1	0
	808	808	1	'01028022'	'PF_A_Status'	28	214	1	1	0
	809	809	1	'01028023'	'PF_B_Status'	28	214	1	1	0
	810	810	1	'01028024'	'PF_C_Status'	28	214	1	1	0
	811	811	1	'01042009'	'KVAR_A_Status'	42	214	1	1	0
	812	812	1	'01042010'	'KVAR_B_Status'	42	214	1	1	0
	813	813	1	'01042011'	'KVAR_C_Status'	42	214	1	1	0
	814	814	1	'01042012'	'V_Status'	42	214	1	1	0
	815	815	1	'01042013'	'V_A_Status'	42	214	1	1	0
	816	816	1	'01042014'	'V_B_Status'	42	214	1	1	0
	817	817	1	'01042015'	'V_C_Status'	42	214	1	1	0
	818	818	1	'01042016'	'A_Status'	42	214	1	1	0
	819	819	1	'01029004'	'KW_COMP_Status'	29	214	1	1	0
	820	820	1	'01029005'	'KW_A_Status'	29	214	1	1	0
	821	821	1	'01029006'	'KW_B_Status'	29	214	1	1	0
	822	822	1	'01029007'	'KW_C_Status'	29	214	1	1	0
	823	823	1	'01029008'	'KVAR_Status'	29	214	1	1	0
	824	824	1	'01029009'	'KVAR_A_Status'	29	214	1	1	0
	825	825	1	'01029010'	'KVAR_B_Status'	29	214	1	1	0
	826	826	1	'01029011'	'KVAR_C_Status'	29	214	1	1	0
	827	827	1	'01029012'	'V_Status'	29	214	1	1	0
	828	828	1	'01029013'	'V_A_Status'	29	214	1	1	0
	829	829	1	'01029014'	'V_B_Status'	29	214	1	1	0
	830	830	1	'01029015'	'V_C_Status'	29	214	1	1	0
	831	831	1	'01029016'	'A_Status'	29	214	1	1	0
	832	832	1	'01029017'	'A_A_Status'	29	214	1	1	0
	833	833	1	'01029018'	'A_B_Status'	29	214	1	1	0
	834	834	1	'01029019'	'A_C_Status'	29	214	1	1	0
	835	835	1	'01029020'	'PF_Status'	29	214	1	1	0
	836	836	1	'01029021'	'PF_A_Status'	29	214	1	1	0
	837	837	1	'01029022'	'PF_B_Status'	29	214	1	1	0
	838	838	1	'01029023'	'PF_C_Status'	29	214	1	1	0
	839	839	1	'01029024'	'KW_Status'	29	214	1	1	0
	840	840	1	'01042017'	'A_A_Status'	42	214	1	1	0
	841	841	1	'01042018'	'A_B_Status'	42	214	1	1	0
	842	842	1	'01042019'	'A_C_Status'	42	214	1	1	0
	843	843	1	'01042020'	'PF_Status'	42	214	1	1	0
	844	844	1	'01042021'	'PF_A_Status'	42	214	1	1	0
	845	845	1	'01042022'	'PF_B_Status'	42	214	1	1	0
	846	846	1	'01042023'	'PF_C_Status'	42	214	1	1	0
	847	847	1	'01030004'	'KW_COMP_Status'	30	214	1	1	0
	848	848	1	'01030005'	'KW_A_Status'	30	214	1	1	0
	849	849	1	'01030006'	'KW_B_Status'	30	214	1	1	0
	850	850	1	'01030007'	'KW_C_Status'	30	214	1	1	0
	851	851	1	'01030008'	'KVAR_Status'	30	214	1	1	0
	852	852	1	'01030009'	'KVAR_A_Status'	30	214	1	1	0
	853	853	1	'01030010'	'KVAR_B_Status'	30	214	1	1	0
	854	854	1	'01030011'	'KVAR_C_Status'	30	214	1	1	0
	855	855	1	'01030012'	'V_Status'	30	214	1	1	0
	856	856	1	'01030013'	'V_A_Status'	30	214	1	1	0
	857	857	1	'01030014'	'V_B_Status'	30	214	1	1	0
	858	858	1	'01030015'	'V_C_Status'	30	214	1	1	0
	859	859	1	'01030016'	'A_Status'	30	214	1	1	0
	860	860	1	'01030017'	'A_A_Status'	30	214	1	1	0
	861	861	1	'01030018'	'A_B_Status'	30	214	1	1	0
	862	862	1	'01030019'	'A_C_Status'	30	214	1	1	0
	863	863	1	'01030020'	'PF_Status'	30	214	1	1	0
	864	864	1	'01030021'	'PF_A_Status'	30	214	1	1	0
	865	865	1	'01030022'	'PF_B_Status'	30	214	1	1	0
	866	866	1	'01030023'	'PF_C_Status'	30	214	1	1	0
	867	867	1	'01030024'	'KW_Status'	30	214	1	1	0
	868	868	1	'01001103'	'Dummy'	1	208	1	1	0
	869	869	1	'01042024'	'KW_Status'	42	214	1	1	0
	870	870	1	'01001104'	'GRE05A_CHK_RTU'	1	208	1	1	1
	871	871	1	'01042025'	'AC_LOSS_Status'	42	215	1	1	1
	872	872	1	'01001105'	'GRE05B_CHK_RTU'	1	208	1	1	1
	873	873	1	'01001106'	'GRE05B_PRI_RTU'	1	208	1	1	1
	874	874	1	'01043001'	'KVAR_COMP_Status'	43	214	1	1	0
	875	875	1	'01031005'	'KW_Status'	31	214	1	1	0
	876	876	1	'01031006'	'KW_A_Status'	31	214	1	1	0
	877	877	1	'01031007'	'KW_B_Status'	31	214	1	1	0
	878	878	1	'01031008'	'KW_C_Status'	31	214	1	1	0
	879	879	1	'01031009'	'KVAR_Status'	31	214	1	1	0
	880	880	1	'01031010'	'KVAR_A_Status'	31	214	1	1	0
	881	881	1	'01031011'	'KVAR_B_Status'	31	214	1	1	0
	882	882	1	'01031012'	'KVAR_C_Status'	31	214	1	1	0
	883	883	1	'01031013'	'V_Status'	31	214	1	1	0
	884	884	1	'01031014'	'V_A_Status'	31	214	1	1	0
	885	885	1	'01031015'	'V_B_Status'	31	214	1	1	0
	886	886	1	'01031016'	'V_C_Status'	31	214	1	1	0
	887	887	1	'01031017'	'A_Status'	31	214	1	1	0
	888	888	1	'01031018'	'A_A_Status'	31	214	1	1	0
	889	889	1	'01031019'	'A_B_Status'	31	214	1	1	0
	890	890	1	'01031020'	'A_C_Status'	31	214	1	1	0
	891	891	1	'01031021'	'PF_Status'	31	214	1	1	0
	892	892	1	'01031022'	'PF_A_Status'	31	214	1	1	0
	893	893	1	'01031023'	'PF_B_Status'	31	214	1	1	0
	894	894	1	'01031024'	'PF_C_Status'	31	214	1	1	0
	895	895	1	'01043002'	'FREQUENCY_Status'	43	214	1	1	0
	896	896	1	'01043003'	'A_N_Status'	43	214	1	1	0
	897	897	1	'01043004'	'KW_COMP_Status'	43	214	1	1	0
	898	898	1	'01043005'	'KW_A_Status'	43	214	1	1	0
	899	899	1	'01043006'	'KW_B_Status'	43	214	1	1	0
	900	900	1	'01043007'	'KW_C_Status'	43	214	1	1	0
	901	901	1	'01043008'	'KVAR_Status'	43	214	1	1	0
	902	902	1	'01043009'	'KVAR_A_Status'	43	214	1	1	0
	903	903	1	'01032004'	'KW_COMP_Status'	32	214	1	1	0
	904	904	1	'01032005'	'KW_A_Status'	32	214	1	1	0
	905	905	1	'01032006'	'KW_B_Status'	32	214	1	1	0
	906	906	1	'01032007'	'KW_C_Status'	32	214	1	1	0
	907	907	1	'01032008'	'KVAR_Status'	32	214	1	1	0
	908	908	1	'01032009'	'KVAR_A_Status'	32	214	1	1	0
	909	909	1	'01032010'	'KVAR_B_Status'	32	214	1	1	0
	910	910	1	'01032011'	'KVAR_C_Status'	32	214	1	1	0
	911	911	1	'01032012'	'V_Status'	32	214	1	1	0
	912	912	1	'01032013'	'V_A_Status'	32	214	1	1	0
	913	913	1	'01032014'	'V_B_Status'	32	214	1	1	0
	914	914	1	'01032015'	'V_C_Status'	32	214	1	1	0
	915	915	1	'01032016'	'A_Status'	32	214	1	1	0
	916	916	1	'01032017'	'A_A_Status'	32	214	1	1	0
	917	917	1	'01032018'	'A_B_Status'	32	214	1	1	0
	918	918	1	'01032019'	'A_C_Status'	32	214	1	1	0
	919	919	1	'01032020'	'PF_Status'	32	214	1	1	0
	920	920	1	'01032021'	'PF_A_Status'	32	214	1	1	0
	921	921	1	'01032022'	'PF_B_Status'	32	214	1	1	0
	922	922	1	'01032023'	'PF_C_Status'	32	214	1	1	0
	923	923	1	'01032024'	'KW_Status'	32	214	1	1	0
	924	924	1	'01043010'	'KVAR_B_Status'	43	214	1	1	0
	925	925	1	'01043011'	'KVAR_C_Status'	43	214	1	1	0
	926	926	1	'01043012'	'V_Status'	43	214	1	1	0
	927	927	1	'01043013'	'V_A_Status'	43	214	1	1	0
	928	928	1	'01043014'	'V_B_Status'	43	214	1	1	0
	929	929	1	'01043015'	'V_C_Status'	43	214	1	1	0
	930	930	1	'01043016'	'A_Status'	43	214	1	1	0
	931	931	1	'01033004'	'KW_COMP_Status'	33	214	1	1	0
	932	932	1	'01033005'	'KW_A_Status'	33	214	1	1	0
	933	933	1	'01033006'	'KW_B_Status'	33	214	1	1	0
	934	934	1	'01033007'	'KW_C_Status'	33	214	1	1	0
	935	935	1	'01033008'	'KVAR_Status'	33	214	1	1	0
	936	936	1	'01033009'	'KVAR_A_Status'	33	214	1	1	0
	937	937	1	'01033010'	'KVAR_B_Status'	33	214	1	1	0
	938	938	1	'01033011'	'KVAR_C_Status'	33	214	1	1	0
	939	939	1	'01033012'	'V_Status'	33	214	1	1	0
	940	940	1	'01033013'	'V_A_Status'	33	214	1	1	0
	941	941	1	'01033014'	'V_B_Status'	33	214	1	1	0
	942	942	1	'01033015'	'V_C_Status'	33	214	1	1	0
	943	943	1	'01033016'	'A_Status'	33	214	1	1	0
	944	944	1	'01033017'	'A_A_Status'	33	214	1	1	0
	945	945	1	'01033018'	'A_B_Status'	33	214	1	1	0
	946	946	1	'01033019'	'A_C_Status'	33	214	1	1	0
	947	947	1	'01033020'	'PF_Status'	33	214	1	1	0
	948	948	1	'01033021'	'PF_A_Status'	33	214	1	1	0
	949	949	1	'01033022'	'PF_B_Status'	33	214	1	1	0
	950	950	1	'01033023'	'PF_C_Status'	33	214	1	1	0
	951	951	1	'01033024'	'KW_Status'	33	214	1	1	0
	952	952	1	'01043017'	'A_A_Status'	43	214	1	1	0
	953	953	1	'01043018'	'A_B_Status'	43	214	1	1	0
	954	954	1	'01043019'	'A_C_Status'	43	214	1	1	0
	955	955	1	'01043020'	'PF_Status'	43	214	1	1	0
	956	956	1	'01043021'	'PF_A_Status'	43	214	1	1	0
	957	957	1	'01043022'	'PF_B_Status'	43	214	1	1	0
	958	958	1	'01043023'	'PF_C_Status'	43	214	1	1	0
	959	959	1	'01034004'	'KW_COMP_Status'	34	214	1	1	0
	960	960	1	'01034005'	'KW_A_Status'	34	214	1	1	0
	961	961	1	'01034006'	'KW_B_Status'	34	214	1	1	0
	962	962	1	'01034007'	'KW_C_Status'	34	214	1	1	0
	963	963	1	'01034008'	'KVAR_Status'	34	214	1	1	0
	964	964	1	'01034009'	'KVAR_A_Status'	34	214	1	1	0
	965	965	1	'01034010'	'KVAR_B_Status'	34	214	1	1	0
	966	966	1	'01034011'	'KVAR_C_Status'	34	214	1	1	0
	967	967	1	'01034012'	'V_Status'	34	214	1	1	0
	968	968	1	'01034013'	'V_A_Status'	34	214	1	1	0
	969	969	1	'01034014'	'V_B_Status'	34	214	1	1	0
	970	970	1	'01034015'	'V_C_Status'	34	214	1	1	0
	971	971	1	'01034016'	'A_Status'	34	214	1	1	0
	972	972	1	'01034017'	'A_A_Status'	34	214	1	1	0
	973	973	1	'01034018'	'A_B_Status'	34	214	1	1	0
	974	974	1	'01034019'	'A_C_Status'	34	214	1	1	0
	975	975	1	'01034020'	'PF_Status'	34	214	1	1	0
	976	976	1	'01034021'	'PF_A_Status'	34	214	1	1	0
	977	977	1	'01034022'	'PF_B_Status'	34	214	1	1	0
	978	978	1	'01034023'	'PF_C_Status'	34	214	1	1	0
	979	979	1	'01034024'	'KW_Status'	34	214	1	1	0
	980	980	1	'01043024'	'KW_Status'	43	214	1	1	0
	981	981	1	'01043025'	'AC_LOSS_Status'	43	215	1	1	1
	982	982	1	'01001107'	'Annunciation_Test'	1	208	1	1	1
	983	983	1	'01001108'	'GRE07A_CHK_RTU'	1	208	1	1	1
	984	984	1	'01001109'	'GRE07A_PRI_RTU'	1	208	1	1	1
	985	985	1	'01001110'	'GRE07B_CHK_RTU'	1	208	1	1	1
	986	986	1	'01001111'	'GRE07B_PRI_RTU'	1	208	1	1	1
	987	987	1	'01035004'	'KW_COMP_Status'	35	214	1	1	0
	988	988	1	'01035005'	'KW_A_Status'	35	214	1	1	0
	989	989	1	'01035006'	'KW_B_Status'	35	214	1	1	0
	990	990	1	'01035007'	'KW_C_Status'	35	214	1	1	0
	991	991	1	'01035008'	'KVAR_Status'	35	214	1	1	0
	992	992	1	'01035009'	'KVAR_A_Status'	35	214	1	1	0
	993	993	1	'01035010'	'KVAR_B_Status'	35	214	1	1	0
	994	994	1	'01035011'	'KVAR_C_Status'	35	214	1	1	0
	995	995	1	'01035012'	'V_Status'	35	214	1	1	0
	996	996	1	'01035013'	'V_A_Status'	35	214	1	1	0
	997	997	1	'01035014'	'V_B_Status'	35	214	1	1	0
	998	998	1	'01035015'	'V_C_Status'	35	214	1	1	0
	999	999	1	'01035016'	'A_Status'	35	214	1	1	0
	1000	1000	1	'01035017'	'A_A_Status'	35	214	1	1	0
	1001	1001	1	'01035018'	'A_B_Status'	35	214	1	1	0
	1002	1002	1	'01035019'	'A_C_Status'	35	214	1	1	0
	1003	1003	1	'01035020'	'PF_Status'	35	214	1	1	0
	1004	1004	1	'01035021'	'PF_A_Status'	35	214	1	1	0
	1005	1005	1	'01035022'	'PF_B_Status'	35	214	1	1	0
	1006	1006	1	'01035023'	'PF_C_Status'	35	214	1	1	0
	1007	1007	1	'01035024'	'KW_Status'	35	214	1	1	0
	1008	1008	1	'01001112'	'NEW05A_CHK_RTU'	1	208	1	1	1
	1009	1009	1	'01001113'	'NEW05A_PRI_RTU'	1	208	1	1	1
	1010	1010	1	'01001114'	'NEW05B_CHK_RTU'	1	208	1	1	1
	1011	1011	1	'01001115'	'NEW05B_PRI_RTU'	1	208	1	1	1
	1012	1012	1	'01001116'	'ROC08_CHK_RTU'	1	208	1	1	1
	1013	1013	1	'01001117'	'ROC08_PRI_RTU'	1	208	1	1	1
	1014	1014	1	'01044002'	'KVAR_COMP_Status'	44	214	1	1	0
	1015	1015	1	'01036005'	'KW_COMP_Status'	36	214	1	1	0
	1016	1016	1	'01036006'	'KW_A_Status'	36	214	1	1	0
	1017	1017	1	'01036007'	'KW_B_Status'	36	214	1	1	0
	1018	1018	1	'01036008'	'KW_C_Status'	36	214	1	1	0
	1019	1019	1	'01036009'	'KVAR_Status'	36	214	1	1	0
	1020	1020	1	'01036010'	'KVAR_A_Status'	36	214	1	1	0
	1021	1021	1	'01036011'	'KVAR_B_Status'	36	214	1	1	0
	1022	1022	1	'01036012'	'KVAR_C_Status'	36	214	1	1	0
	1023	1023	1	'01036013'	'V_Status'	36	214	1	1	0
	1024	1024	1	'01036014'	'V_A_Status'	36	214	1	1	0
	1025	1025	1	'01036015'	'V_B_Status'	36	214	1	1	0
	1026	1026	1	'01036016'	'V_C_Status'	36	214	1	1	0
	1027	1027	1	'01036017'	'A_Status'	36	214	1	1	0
	1028	1028	1	'01036018'	'A_A_Status'	36	214	1	1	0
	1029	1029	1	'01036019'	'A_B_Status'	36	214	1	1	0
	1030	1030	1	'01036020'	'A_C_Status'	36	214	1	1	0
	1031	1031	1	'01036021'	'PF_Status'	36	214	1	1	0
	1032	1032	1	'01036022'	'PF_A_Status'	36	214	1	1	0
	1033	1033	1	'01036023'	'PF_B_Status'	36	214	1	1	0
	1034	1034	1	'01036024'	'PF_C_Status'	36	214	1	1	0
	1035	1035	1	'01036025'	'KW_Status'	36	214	1	1	0
	1036	1036	1	'01044003'	'FREQUENCY_Status'	44	214	1	1	0
	1037	1037	1	'01044004'	'A_N_Status'	44	214	1	1	0
	1038	1038	1	'01044005'	'KW_COMP_Status'	44	214	1	1	0
	1039	1039	1	'01044006'	'KW_A_Status'	44	214	1	1	0
	1040	1040	1	'01044007'	'KW_B_Status'	44	214	1	1	0
	1041	1041	1	'01044008'	'KW_C_Status'	44	214	1	1	0
	1042	1042	1	'01044009'	'KVAR_Status'	44	214	1	1	0
	1043	1043	1	'01020025'	'AC_LOSS_Status'	20	215	1	1	1
	1044	1044	1	'01021025'	'AC_LOSS_Status'	21	215	1	1	1
	1045	1045	1	'01025025'	'FREQUENCY_Status'	25	214	1	1	0
	1046	1046	1	'01001118'	'ROCKHILL_SRV'	1	208	1	1	1
	1047	1047	1	'01001119'	'DUKE_PRI_SRV'	1	208	1	1	1
	1048	1048	1	'01044010'	'UseMe'	44	214	1	1	0
	1049	1049	1	'01001120'	'GAFFNEY_SRV'	1	208	1	1	1
	1050	1050	1	'01001121'	'UNION_SRV'	1	208	1	1	1
	1051	1051	1	'01026021'	'AC_LOSS_Status'	26	215	1	1	1
	1052	1052	1	'01036026'	'AC_LOSS_Status'	36	215	1	1	1
	1053	1053	1	'01026022'	'FREQUENCY_Status'	26	214	1	1	0
	1054	1054	1	'01027021'	'AC_LOSS_Status'	27	215	1	1	1
	1055	1055	1	'01026023'	'KVAR_COMP_Status'	26	214	1	1	0
	1056	1056	1	'01027022'	'KVAR_COMP_Status'	27	214	1	1	0
	1057	1057	1	'01026024'	'KW_Status'	26	214	1	1	0
	1058	1058	1	'01027023'	'KW_COMP_Status'	27	214	1	1	0
	1059	1059	1	'01027024'	'FREQUENCY_Status'	27	214	1	1	0
	1060	1060	1	'01026025'	'KVAR_A_Status'	26	214	1	1	0
	1061	1061	1	'01027025'	'KVAR_A_Status'	27	214	1	1	0
	1062	1062	1	'01028025'	'AC_LOSS_Status'	28	215	1	1	1
	1063	1063	1	'01029025'	'AC_LOSS_Status'	29	215	1	1	1
	1064	1064	1	'01001122'	'PMPAGEN-2_CL'	1	208	1	1	1
	1065	1065	1	'01031025'	'AC_LOSS_Status'	31	215	1	1	1
	1066	1066	1	'01032025'	'AC_LOSS_Status'	32	215	1	1	1
	1067	1067	1	'01033025'	'AC_LOSS_Status'	33	215	1	1	1
	1068	1068	1	'01034025'	'DC_LOSS_Status'	34	215	1	1	0
	1069	1069	1	'01035025'	'DC_LOSS_Status'	35	215	1	1	0
	1070	1070	1	'01022032'	'AC_LOSS_Status'	22	215	1	1	1
	1071	1071	1	'01023025'	'DC_LOSS_Status'	23	215	1	1	1
	1072	1072	1	'01024025'	'AC_LOSS_Status'	24	215	1	1	1
	1073	1073	1	'01009025'	'DC_LOSS_Status'	9	215	1	1	1
	1074	1074	1	'01010025'	'DC_LOSS_Status'	10	215	1	1	1
	1075	1075	1	'01011025'	'AC_LOSS_Status'	11	215	1	1	1
	1076	1076	1	'01012023'	'AC_LOSS_Status'	12	215	1	1	1
	1077	1077	1	'01004022'	'KVAR_COMP_Status'	4	214	1	1	0
	1078	1078	1	'01004023'	'KW_Status'	4	214	1	1	0
	1079	1079	1	'01004024'	'FREQUENCY_Status'	4	214	1	1	0
	1080	1080	1	'01004025'	'A_N_Status'	4	214	1	1	0
	1081	1081	1	'01013025'	'AC_LOSS_Status'	13	215	1	1	0
	1082	1082	1	'01014025'	'ACLOSS_Status'	14	215	1	1	0
	1083	1083	1	'01015025'	'ACLOSS_Status'	15	215	1	1	1
	1084	1084	1	'01005021'	'DC_LOSS_Status'	5	215	1	1	1
	1085	1085	1	'01006021'	'ACLOSS_Status'	6	215	1	1	1
	1086	1086	1	'01005022'	'KVAR_COMP_Status'	5	214	1	1	0
	1087	1087	1	'01005023'	'KW_Status'	5	214	1	1	0
	1088	1088	1	'01005024'	'FREQUENCY_Status'	5	214	1	1	0
	1089	1089	1	'01005025'	'A_N_Status'	5	214	1	1	0
	1090	1090	1	'01006022'	'KW_Status'	6	214	1	1	0
	1091	1091	1	'01006023'	'KVAR_COMP_Status'	6	214	1	1	0
	1092	1092	1	'01006024'	'A_N_Status'	6	214	1	1	0
	1093	1093	1	'01006025'	'FREQUENCY_Status'	6	214	1	1	0
	1094	1094	1	'01044011'	'KVAR_A_Status'	44	214	1	1	0
	1095	1095	1	'01044012'	'KVAR_B_Status'	44	214	1	1	0
	1096	1096	1	'01044013'	'KVAR_C_Status'	44	214	1	1	0
	1097	1097	1	'01044014'	'V_Status'	44	214	1	1	0
	1098	1098	1	'01044015'	'V_A_Status'	44	214	1	1	0
	1099	1099	1	'01044016'	'V_B_Status'	44	214	1	1	0
	1100	1100	1	'01044017'	'V_C_Status'	44	214	1	1	0
	1101	1101	1	'01044018'	'A_Status'	44	214	1	1	0
	1102	1102	1	'01044019'	'A_A_Status'	44	214	1	1	0
	1103	1103	1	'01044020'	'A_B_Status'	44	214	1	1	0
	1104	1104	1	'01044021'	'A_C_Status'	44	214	1	1	0
	1105	1105	1	'01044022'	'PF_Status'	44	214	1	1	0
	1106	1106	1	'01044023'	'PF_A_Status'	44	214	1	1	0
	1107	1107	1	'01044024'	'PF_B_Status'	44	214	1	1	0
	1108	1108	1	'01044025'	'PF_C_Status'	44	214	1	1	0
	1109	1109	1	'01044026'	'KW_Status'	44	214	1	1	0
	1110	1110	1	'01045001'	'KVAR_COMP_Status'	45	214	1	1	0
	1111	1111	1	'01045002'	'FREQUENCY_Status'	45	214	1	1	0
	1112	1112	1	'01045003'	'A_N_Status'	45	214	1	1	0
	1113	1113	1	'01045004'	'KW_COMP_Status'	45	214	1	1	0
	1114	1114	1	'01045005'	'KW_A_Status'	45	214	1	1	0
	1115	1115	1	'01045006'	'KW_B_Status'	45	214	1	1	0
	1116	1116	1	'01045007'	'KW_C_Status'	45	214	1	1	0
	1117	1117	1	'01045008'	'KVAR_Status'	45	214	1	1	0
	1118	1118	1	'01045009'	'KVAR_A_Status'	45	214	1	1	0
	1119	1119	1	'01045010'	'KVAR_B_Status'	45	214	1	1	0
	1120	1120	1	'01045011'	'KVAR_C_Status'	45	214	1	1	0
	1121	1121	1	'01045012'	'V_Status'	45	214	1	1	0
	1122	1122	1	'01045013'	'V_A_Status'	45	214	1	1	0
	1123	1123	1	'01045014'	'V_B_Status'	45	214	1	1	0
	1124	1124	1	'01045015'	'V_C_Status'	45	214	1	1	0
	1125	1125	1	'01045016'	'A_Status'	45	214	1	1	0
	1126	1126	1	'01045017'	'A_A_Status'	45	214	1	1	0
	1127	1127	1	'01045018'	'A_B_Status'	45	214	1	1	0
	1128	1128	1	'01045019'	'A_C_Status'	45	214	1	1	0
	1129	1129	1	'01045020'	'PF_Status'	45	214	1	1	0
	1130	1130	1	'01045021'	'PF_A_Status'	45	214	1	1	0
	1131	1131	1	'01045022'	'PF_B_Status'	45	214	1	1	0
	1132	1132	1	'01045023'	'PF_C_Status'	45	214	1	1	0
	1133	1133	1	'01045024'	'KW_Status'	45	214	1	1	0
	1134	1134	1	'01045025'	'AC_LOSS_Status'	45	215	1	1	1
	1135	1135	1	'01046001'	'KVAR_COMP_Status'	46	214	1	1	0
	1136	1136	1	'01046002'	'FREQUENCY_Status'	46	214	1	1	0
	1137	1137	1	'01046003'	'A_N_Status'	46	214	1	1	0
	1138	1138	1	'01046004'	'KW_COMP_Status'	46	214	1	1	0
	1139	1139	1	'01046005'	'KW_A_Status'	46	214	1	1	0
	1140	1140	1	'01046006'	'KW_B_Status'	46	214	1	1	0
	1141	1141	1	'01046007'	'KW_C_Status'	46	214	1	1	0
	1142	1142	1	'01046008'	'KVAR_Status'	46	214	1	1	0
	1143	1143	1	'01046009'	'KVAR_A_Status'	46	214	1	1	0
	1144	1144	1	'01046010'	'KVAR_B_Status'	46	214	1	1	0
	1145	1145	1	'01046011'	'KVAR_C_Status'	46	214	1	1	0
	1146	1146	1	'01046012'	'V_Status'	46	214	1	1	0
	1147	1147	1	'01046013'	'V_A_Status'	46	214	1	1	0
	1148	1148	1	'01046014'	'V_B_Status'	46	214	1	1	0
	1149	1149	1	'01046015'	'V_C_Status'	46	214	1	1	0
	1150	1150	1	'01046016'	'A_Status'	46	214	1	1	0
	1151	1151	1	'01046017'	'A_A_Status'	46	214	1	1	0
	1152	1152	1	'01046018'	'A_B_Status'	46	214	1	1	0
	1153	1153	1	'01046019'	'A_C_Status'	46	214	1	1	0
	1154	1154	1	'01046020'	'PF_Status'	46	214	1	1	0
	1155	1155	1	'01046021'	'PF_A_Status'	46	214	1	1	0
	1156	1156	1	'01046022'	'PF_B_Status'	46	214	1	1	0
	1157	1157	1	'01046023'	'PF_C_Status'	46	214	1	1	0
	1158	1158	1	'01046024'	'KW_Status'	46	214	1	1	0
	1159	1159	1	'01046025'	'AC_LOSS_Status'	46	215	1	1	1
	1160	1160	1	'01047001'	'KVAR_COMP_Status'	47	214	1	1	0
	1161	1161	1	'01047002'	'FREQUENCY_Status'	47	214	1	1	0
	1162	1162	1	'01047003'	'A_N_Status'	47	214	1	1	0
	1163	1163	1	'01047004'	'KW_COMP_Status'	47	214	1	1	0
	1164	1164	1	'01047005'	'KW_A_Status'	47	214	1	1	0
	1165	1165	1	'01047006'	'KW_B_Status'	47	214	1	1	0
	1166	1166	1	'01047007'	'KW_C_Status'	47	214	1	1	0
	1167	1167	1	'01047008'	'KVAR_Status'	47	214	1	1	0
	1168	1168	1	'01047009'	'KVAR_A_Status'	47	214	1	1	0
	1169	1169	1	'01047010'	'KVAR_B_Status'	47	214	1	1	0
	1170	1170	1	'01047011'	'KVAR_C_Status'	47	214	1	1	0
	1171	1171	1	'01047012'	'V_Status'	47	214	1	1	0
	1172	1172	1	'01047013'	'V_A_Status'	47	214	1	1	0
	1173	1173	1	'01047014'	'V_B_Status'	47	214	1	1	0
	1174	1174	1	'01047015'	'V_C_Status'	47	214	1	1	0
	1175	1175	1	'01047016'	'A_Status'	47	214	1	1	0
	1176	1176	1	'01047017'	'A_A_Status'	47	214	1	1	0
	1177	1177	1	'01047018'	'A_B_Status'	47	214	1	1	0
	1178	1178	1	'01047019'	'A_C_Status'	47	214	1	1	0
	1179	1179	1	'01047020'	'PF_Status'	47	214	1	1	0
	1180	1180	1	'01047021'	'PF_A_Status'	47	214	1	1	0
	1181	1181	1	'01047022'	'PF_B_Status'	47	214	1	1	0
	1182	1182	1	'01047023'	'PF_C_Status'	47	214	1	1	0
	1183	1183	1	'01047024'	'KW_Status'	47	214	1	1	0
	1184	1184	1	'01047025'	'AC_LOSS_Status'	47	215	1	1	1
	1185	1185	1	'01048001'	'KVAR_COMP_Status'	48	214	1	1	0
	1186	1186	1	'01048002'	'FREQUENCY_Status'	48	214	1	1	0
	1187	1187	1	'01048003'	'A_N_Status'	48	214	1	1	0
	1188	1188	1	'01048004'	'KW_COMP_Status'	48	214	1	1	0
	1189	1189	1	'01048005'	'KW_A_Status'	48	214	1	1	0
	1190	1190	1	'01048006'	'KW_B_Status'	48	214	1	1	0
	1191	1191	1	'01048007'	'KW_C_Status'	48	214	1	1	0
	1192	1192	1	'01048008'	'KVAR_Status'	48	214	1	1	0
	1193	1193	1	'01048009'	'KVAR_A_Status'	48	214	1	1	0
	1194	1194	1	'01048010'	'KVAR_B_Status'	48	214	1	1	0
	1195	1195	1	'01048011'	'KVAR_C_Status'	48	214	1	1	0
	1196	1196	1	'01048012'	'V_Status'	48	214	1	1	0
	1197	1197	1	'01048013'	'V_A_Status'	48	214	1	1	0
	1198	1198	1	'01048014'	'V_B_Status'	48	214	1	1	0
	1199	1199	1	'01048015'	'V_C_Status'	48	214	1	1	0
	1200	1200	1	'01048016'	'A_Status'	48	214	1	1	0
	1201	1201	1	'01048017'	'A_A_Status'	48	214	1	1	0
	1202	1202	1	'01048018'	'A_B_Status'	48	214	1	1	0
	1203	1203	1	'01048019'	'A_C_Status'	48	214	1	1	0
	1204	1204	1	'01048020'	'PF_Status'	48	214	1	1	0
	1205	1205	1	'01048021'	'PF_A_Status'	48	214	1	1	0
	1206	1206	1	'01048022'	'PF_B_Status'	48	214	1	1	0
	1207	1207	1	'01048023'	'PF_C_Status'	48	214	1	1	0
	1208	1208	1	'01048024'	'KW_Status'	48	214	1	1	0
	1209	1209	1	'01048025'	'AC_LOSS_Status'	48	215	1	1	1
	1210	1210	1	'01049001'	'KVAR_COMP_Status'	49	214	1	1	0
	1211	1211	1	'01049002'	'FREQUENCY_Status'	49	214	1	1	0
	1212	1212	1	'01049003'	'A_N_Status'	49	214	1	1	0
	1213	1213	1	'01049004'	'KW_COMP_Status'	49	214	1	1	0
	1214	1214	1	'01049005'	'KW_A_Status'	49	214	1	1	0
	1215	1215	1	'01049006'	'KW_B_Status'	49	214	1	1	0
	1216	1216	1	'01049007'	'KW_C_Status'	49	214	1	1	0
	1217	1217	1	'01049008'	'KVAR_Status'	49	214	1	1	0
	1218	1218	1	'01049009'	'KVAR_A_Status'	49	214	1	1	0
	1219	1219	1	'01049010'	'KVAR_B_Status'	49	214	1	1	0
	1220	1220	1	'01049011'	'KVAR_C_Status'	49	214	1	1	0
	1221	1221	1	'01049012'	'V_Status'	49	214	1	1	0
	1222	1222	1	'01049013'	'V_A_Status'	49	214	1	1	0
	1223	1223	1	'01049014'	'V_B_Status'	49	214	1	1	0
	1224	1224	1	'01049015'	'V_C_Status'	49	214	1	1	0
	1225	1225	1	'01049016'	'A_Status'	49	214	1	1	0
	1226	1226	1	'01049017'	'A_A_Status'	49	214	1	1	0
	1227	1227	1	'01049018'	'A_B_Status'	49	214	1	1	0
	1228	1228	1	'01049019'	'A_C_Status'	49	214	1	1	0
	1229	1229	1	'01049020'	'PF_Status'	49	214	1	1	0
	1230	1230	1	'01049021'	'PF_A_Status'	49	214	1	1	0
	1231	1231	1	'01049022'	'PF_B_Status'	49	214	1	1	0
	1232	1232	1	'01049023'	'PF_C_Status'	49	214	1	1	0
	1233	1233	1	'01049024'	'KW_Status'	49	214	1	1	0
	1234	1234	1	'01049025'	'AC_LOSS_Status'	49	215	1	1	1
	1235	1235	1	'01050001'	'PMPA_WITH_DG_STATUS'	50	214	1	1	0
	1236	1236	1	'01050002'	'PMPA_DG_STATUS'	50	214	1	1	0
	1237	1237	1	'01050003'	'PMPA_WITHOUT_DG_STATUS'	50	214	1	1	0
	1238	1238	1	'01050004'	'DS1_Signal_Status'	50	216	1	1	0
	1239	1239	1	'01050005'	'DS2_Signal_Status'	50	216	1	1	0
	1240	1240	1	'01050006'	'DS3_Signal_Status'	50	216	1	1	0
	1241	1241	1	'01050007'	'SPC_Load_Faillure'	50	216	1	1	0
	1242	1242	1	'01001123'	'SANTEE_ICCP_SRV'	1	208	1	1	1
	1243	1243	1	'01001124'	'DUKE_ICCP_SRV_REV'	1	208	1	1	1
	1244	1244	1	'01001125'	'SANTEE_ICCP_SRV_REV'	1	208	1	1	1
	1245	1245	1	'01001126'	'ROC09_CHK_RTU'	1	208	1	1	1
	1246	1246	1	'01001127'	'ROC09_PRI_RTU'	1	208	1	1	1
	1247	1247	1	'01051001'	'KVAR_COMP_Status'	51	214	1	1	0
	1248	1248	1	'01051002'	'FREQUENCY_Status'	51	214	1	1	0
	1249	1249	1	'01051003'	'A_N_Status'	51	214	1	1	0
	1250	1250	1	'01051004'	'KW_COMP_Status'	51	214	1	1	0
	1251	1251	1	'01051005'	'KW_A_Status'	51	214	1	1	0
	1252	1252	1	'01051006'	'KW_B_Status'	51	214	1	1	0
	1253	1253	1	'01051007'	'KW_C_Status'	51	214	1	1	0
	1254	1254	1	'01051008'	'KVAR_Status'	51	214	1	1	0
	1255	1255	1	'01051009'	'KVAR_A_Status'	51	214	1	1	0
	1256	1256	1	'01051010'	'KVAR_B_Status'	51	214	1	1	0
	1257	1257	1	'01051011'	'KVAR_C_Status'	51	214	1	1	0
	1258	1258	1	'01051012'	'V_Status'	51	214	1	1	0
	1259	1259	1	'01051013'	'V_A_Status'	51	214	1	1	0
	1260	1260	1	'01051014'	'V_B_Status'	51	214	1	1	0
	1261	1261	1	'01051015'	'V_C_Status'	51	214	1	1	0
	1262	1262	1	'01051016'	'A_Status'	51	214	1	1	0
	1263	1263	1	'01051017'	'A_A_Status'	51	214	1	1	0
	1264	1264	1	'01051018'	'A_B_Status'	51	214	1	1	0
	1265	1265	1	'01051019'	'A_C_Status'	51	214	1	1	0
	1266	1266	1	'01051020'	'PF_Status'	51	214	1	1	0
	1267	1267	1	'01051021'	'PF_A_Status'	51	214	1	1	0
	1268	1268	1	'01051022'	'PF_B_Status'	51	214	1	1	0
	1269	1269	1	'01051023'	'PF_C_Status'	51	214	1	1	0
	1270	1270	1	'01051024'	'KW_Status'	51	214	1	1	0
	1271	1271	1	'01051025'	'AC_LOSS_Status'	51	215	1	1	1
	1272	1272	1	'01012024'	'FREQUENCY_Status'	12	214	1	1	0
	1273	1273	1	'01012025'	'KVAR_COMP_Status'	12	214	1	1	0
	1274	1274	1	'01001128'	'ROCKHILL_SRV2'	1	208	1	1	1
	1275	1275	1	'01001129'	'ROC12_CHK_RTU'	1	208	1	1	1
	1276	1276	1	'01001130'	'ROC12_PRI_RTU'	1	208	1	1	1
	1277	1277	1	'01052001'	'A_A_Status'	52	214	1	1	0
	1278	1278	1	'01052002'	'A_B_Status'	52	214	1	1	0
	1279	1279	1	'01052003'	'A_C_Status'	52	214	1	1	0
	1280	1280	1	'01052004'	'A_N_Status'	52	214	1	1	0
	1281	1281	1	'01052005'	'A_Status'	52	214	1	1	0
	1282	1282	1	'01052006'	'AC_LOSS_Status'	52	215	1	1	1
	1283	1283	1	'01052007'	'FREQUENCY_Status'	52	214	1	1	0
	1284	1284	1	'01052008'	'KVAR_A_Status'	52	214	1	1	0
	1285	1285	1	'01052009'	'KVAR_B_Status'	52	214	1	1	0
	1286	1286	1	'01052010'	'KVAR_C_Status'	52	214	1	1	0
	1287	1287	1	'01052011'	'KVAR_COMP_Status'	52	214	1	1	0
	1288	1288	1	'01052012'	'KVAR_Status'	52	214	1	1	0
	1289	1289	1	'01052013'	'KW_A_Status'	52	214	1	1	0
	1290	1290	1	'01052014'	'KW_B_Status'	52	214	1	1	0
	1291	1291	1	'01052015'	'KW_C_Status'	52	214	1	1	0
	1292	1292	1	'01052016'	'KW_COMP_Status'	52	214	1	1	0
	1293	1293	1	'01052017'	'KW_Status'	52	214	1	1	0
	1294	1294	1	'01052018'	'PF_A_Status'	52	214	1	1	0
	1295	1295	1	'01052019'	'PF_B_Status'	52	214	1	1	0
	1296	1296	1	'01052020'	'PF_C_Status'	52	214	1	1	0
	1297	1297	1	'01052021'	'PF_Status'	52	214	1	1	0
	1298	1298	1	'01052022'	'V_A_Status'	52	214	1	1	0
	1299	1299	1	'01052023'	'V_B_Status'	52	214	1	1	0
	1300	1300	1	'01052024'	'V_C_Status'	52	214	1	1	0
	1301	1301	1	'01052025'	'V_Status'	52	214	1	1	0
	1302	1302	1	'01038005'	'AUX_LED2'	38	217	1	1	0
	1303	1303	1	'01038006'	'ATS_POSITION'	38	218	1	1	0
	1304	1304	1	'01038007'	'ATS_STATUS'	38	218	1	1	0
	1305	1305	1	'01038008'	'ATS_MODE_ALARM'	38	203	1	1	0
	1306	1306	1	'01038009'	'CONTROL_TEST1'	38	204	1	1	0
	1307	1307	1	'01038010'	'CONTROL_TEST2'	38	204	1	1	0
	1308	1308	1	'01001131'	'NEW06A_CHK_RTU'	1	208	1	1	1
	1309	1309	1	'01001132'	'NEW06A_PRI_RTU'	1	208	1	1	1
	1310	1310	1	'01001133'	'NEW06B_CHK_RTU'	1	208	1	1	1
	1311	1311	1	'01001134'	'NEW06B_PRI_RTU'	1	208	1	1	1
	1312	1312	1	'01053001'	'DC_LOSS_Status'	53	215	1	1	0
	1313	1313	1	'01054001'	'KVAR_COMP_Status'	54	214	1	1	0
	1314	1314	1	'01054002'	'FREQUENCY_Status'	54	214	1	1	0
	1315	1315	1	'01054003'	'A_N_Status'	54	214	1	1	0
	1316	1316	1	'01054004'	'KW_COMP_Status'	54	214	1	1	0
	1317	1317	1	'01054005'	'KW_A_Status'	54	214	1	1	0
	1318	1318	1	'01054006'	'KW_B_Status'	54	214	1	1	0
	1319	1319	1	'01054007'	'KW_C_Status'	54	214	1	1	0
	1320	1320	1	'01054008'	'KVAR_Status'	54	214	1	1	0
	1321	1321	1	'01054009'	'KVAR_A_Status'	54	214	1	1	0
	1322	1322	1	'01054010'	'KVAR_B_Status'	54	214	1	1	0
	1323	1323	1	'01054011'	'KVAR_C_Status'	54	214	1	1	0
	1324	1324	1	'01054012'	'V_Status'	54	214	1	1	0
	1325	1325	1	'01054013'	'V_A_Status'	54	214	1	1	0
	1326	1326	1	'01054014'	'V_B_Status'	54	214	1	1	0
	1327	1327	1	'01054015'	'V_C_Status'	54	214	1	1	0
	1328	1328	1	'01054016'	'A_Status'	54	214	1	1	0
	1329	1329	1	'01054017'	'A_A_Status'	54	214	1	1	0
	1330	1330	1	'01054018'	'A_B_Status'	54	214	1	1	0
	1331	1331	1	'01054019'	'A_C_Status'	54	214	1	1	0
	1332	1332	1	'01054020'	'PF_Status'	54	214	1	1	0
	1333	1333	1	'01054021'	'PF_A_Status'	54	214	1	1	0
	1334	1334	1	'01054022'	'PF_B_Status'	54	214	1	1	0
	1335	1335	1	'01054023'	'PF_C_Status'	54	214	1	1	0
	1336	1336	1	'01054024'	'KW_Status'	54	214	1	1	0
	1337	1337	1	'01054025'	'AC_LOSS_Status'	54	215	1	1	1
	1338	1338	1	'01053002'	'KVAR_COMP_Status'	53	214	1	1	0
	1339	1339	1	'01053003'	'FREQUENCY_Status'	53	214	1	1	0
	1340	1340	1	'01053004'	'A_N_Status'	53	214	1	1	0
	1341	1341	1	'01053005'	'KW_COMP_Status'	53	214	1	1	0
	1342	1342	1	'01053006'	'KW_A_Status'	53	214	1	1	0
	1343	1343	1	'01053007'	'KW_B_Status'	53	214	1	1	0
	1344	1344	1	'01053008'	'KW_C_Status'	53	214	1	1	0
	1345	1345	1	'01053009'	'KVAR_Status'	53	214	1	1	0
	1346	1346	1	'01053010'	'KVAR_A_Status'	53	214	1	1	0
	1347	1347	1	'01053011'	'KVAR_B_Status'	53	214	1	1	0
	1348	1348	1	'01053012'	'KVAR_C_Status'	53	214	1	1	0
	1349	1349	1	'01053013'	'V_Status'	53	214	1	1	0
	1350	1350	1	'01053014'	'V_A_Status'	53	214	1	1	0
	1351	1351	1	'01053015'	'V_B_Status'	53	214	1	1	0
	1352	1352	1	'01053016'	'V_C_Status'	53	214	1	1	0
	1353	1353	1	'01053017'	'A_Status'	53	214	1	1	0
	1354	1354	1	'01053018'	'A_A_Status'	53	214	1	1	0
	1355	1355	1	'01053019'	'A_B_Status'	53	214	1	1	0
	1356	1356	1	'01053020'	'A_C_Status'	53	214	1	1	0
	1357	1357	1	'01053021'	'PF_Status'	53	214	1	1	0
	1358	1358	1	'01053022'	'PF_A_Status'	53	214	1	1	0
	1359	1359	1	'01053023'	'PF_B_Status'	53	214	1	1	0
	1360	1360	1	'01053024'	'PF_C_Status'	53	214	1	1	0
	1361	1361	1	'01053025'	'KW_Status'	53	214	1	1	0
	1362	1362	1	'01001135'	'DUKE_ICCP_SRV_TEST'	1	208	1	1	1
	1363	1363	1	'01001136'	'REPLICATOR'	1	208	1	1	1
	1364	1364	1	'01001137'	'REPLICATOR_1'	1	208	1	1	1
	1365	1365	1	'01001138'	'REPLICATOR_2'	1	208	1	1	1
	1366	1366	1	'01001139'	'ROC07B_PRI_RTU'	1	208	1	1	1
	1367	1367	1	'01001140'	'ROC07B_CHK_RTU'	1	208	1	1	1
	1368	1368	1	'01056001'	'KW_COMP_Status'	56	214	1	1	0
	1369	1369	1	'01056002'	'FREQUENCY_Status'	56	214	1	1	0
	1370	1370	1	'01056003'	'A_N_Status'	56	214	1	1	0
	1371	1371	1	'01056004'	'KVAR_COMP_Status'	56	214	1	1	0
	1372	1372	1	'01056005'	'KW_Status'	56	214	1	1	0
	1373	1373	1	'01056006'	'KW_A_Status'	56	214	1	1	0
	1374	1374	1	'01056007'	'KW_B_Status'	56	214	1	1	0
	1375	1375	1	'01056008'	'KW_C_Status'	56	214	1	1	0
	1376	1376	1	'01056009'	'KVAR_Status'	56	214	1	1	0
	1377	1377	1	'01056010'	'KVAR_A_Status'	56	214	1	1	0
	1378	1378	1	'01056011'	'KVAR_B_Status'	56	214	1	1	0
	1379	1379	1	'01056012'	'KVAR_C_Status'	56	214	1	1	0
	1380	1380	1	'01056013'	'V_Status'	56	214	1	1	0
	1381	1381	1	'01056014'	'V_A_Status'	56	214	1	1	0
	1382	1382	1	'01056015'	'V_B_Status'	56	214	1	1	0
	1383	1383	1	'01056016'	'V_C_Status'	56	214	1	1	0
	1384	1384	1	'01056017'	'A_Status'	56	214	1	1	0
	1385	1385	1	'01056018'	'A_A_Status'	56	214	1	1	0
	1386	1386	1	'01056019'	'A_B_Status'	56	214	1	1	0
	1387	1387	1	'01056020'	'A_C_Status'	56	214	1	1	0
	1388	1388	1	'01056021'	'PF_Status'	56	214	1	1	0
	1389	1389	1	'01056022'	'PF_A_Status'	56	214	1	1	0
	1390	1390	1	'01056023'	'PF_B_Status'	56	214	1	1	0
	1391	1391	1	'01056024'	'PF_C_Status'	56	214	1	1	0
	1392	1392	1	'01056025'	'AC_LOSS_Status'	56	215	1	1	1
	1393	1393	1	'01001141'	'JEMSTAR2_TEST_RTU'	1	208	1	1	1
	1394	1394	1	'01057001'	'KVAR_COMP_Status'	57	214	1	1	0
	1395	1395	1	'01057002'	'FREQUENCY_Status'	57	214	1	1	0
	1396	1396	1	'01057003'	'A_N_Status'	57	214	1	1	0
	1397	1397	1	'01057004'	'KW_COMP_Status'	57	214	1	1	0
	1398	1398	1	'01057005'	'KW_A_Status'	57	214	1	1	0
	1399	1399	1	'01057006'	'KW_B_Status'	57	214	1	1	0
	1400	1400	1	'01057007'	'KW_C_Status'	57	214	1	1	0
	1401	1401	1	'01057008'	'KVAR_Status'	57	214	1	1	0
	1402	1402	1	'01057009'	'UseMe'	57	214	1	1	0
	1403	1403	1	'01057010'	'KVAR_A_Status'	57	214	1	1	0
	1404	1404	1	'01057011'	'KVAR_B_Status'	57	214	1	1	0
	1405	1405	1	'01057012'	'KVAR_C_Status'	57	214	1	1	0
	1406	1406	1	'01057013'	'V_Status'	57	214	1	1	0
	1407	1407	1	'01057014'	'V_A_Status'	57	214	1	1	0
	1408	1408	1	'01057015'	'V_B_Status'	57	214	1	1	0
	1409	1409	1	'01057016'	'V_C_Status'	57	214	1	1	0
	1410	1410	1	'01057017'	'A_Status'	57	214	1	1	0
	1411	1411	1	'01057018'	'A_A_Status'	57	214	1	1	0
	1412	1412	1	'01057019'	'A_B_Status'	57	214	1	1	0
	1413	1413	1	'01057020'	'A_C_Status'	57	214	1	1	0
	1414	1414	1	'01057021'	'PF_Status'	57	214	1	1	0
	1415	1415	1	'01057022'	'PF_A_Status'	57	214	1	1	0
	1416	1416	1	'01057023'	'PF_B_Status'	57	214	1	1	0
	1417	1417	1	'01057024'	'PF_C_Status'	57	214	1	1	0
	1418	1418	1	'01057025'	'KW_Status'	57	214	1	1	0
	1419	1419	1	'01057026'	'SCADA_Exchange_Test_Status'	57	208	1	1	0
	1420	1420	1	'01001142'	'JM2_TEST_CL'	1	208	1	1	1
	1421	1421	1	'01062001'	'WTP1_52A'	62	201	1	1	0
	1422	1422	1	'01058001'	'KVAR_COMP_Status'	58	214	1	1	0
	1423	1423	1	'01058002'	'FREQUENCY_Status'	58	214	1	1	0
	1424	1424	1	'01058003'	'A_N_Status'	58	214	1	1	0
	1425	1425	1	'01058004'	'KW_COMP_Status'	58	214	1	1	0
	1426	1426	1	'01058005'	'KW_A_Status'	58	214	1	1	0
	1427	1427	1	'01058006'	'KW_B_Status'	58	214	1	1	0
	1428	1428	1	'01058007'	'KW_C_Status'	58	214	1	1	0
	1429	1429	1	'01058008'	'KVAR_Status'	58	214	1	1	0
	1430	1430	1	'01058009'	'KVAR_A_Status'	58	214	1	1	0
	1431	1431	1	'01058010'	'KVAR_B_Status'	58	214	1	1	0
	1432	1432	1	'01058011'	'KVAR_C_Status'	58	214	1	1	0
	1433	1433	1	'01058012'	'V_Status'	58	214	1	1	0
	1434	1434	1	'01058013'	'V_A_Status'	58	214	1	1	0
	1435	1435	1	'01058014'	'V_B_Status'	58	214	1	1	0
	1436	1436	1	'01058015'	'V_C_Status'	58	214	1	1	0
	1437	1437	1	'01058016'	'A_Status'	58	214	1	1	0
	1438	1438	1	'01058017'	'A_A_Status'	58	214	1	1	0
	1439	1439	1	'01058018'	'A_B_Status'	58	214	1	1	0
	1440	1440	1	'01058019'	'A_C_Status'	58	214	1	1	0
	1441	1441	1	'01058020'	'PF_Status'	58	214	1	1	0
	1442	1442	1	'01058021'	'PF_A_Status'	58	214	1	1	0
	1443	1443	1	'01058022'	'PF_B_Status'	58	214	1	1	0
	1444	1444	1	'01058023'	'PF_C_Status'	58	214	1	1	0
	1445	1445	1	'01058024'	'KW_Status'	58	214	1	1	0
	1446	1446	1	'01018026'	'PSU_Failure'	18	215	1	1	0
	1447	1447	1	'01001143'	'GAFFNEY_SRV_WEBSRV'	1	208	1	1	1
	1448	1448	1	'01062002'	'GDS_LowWill_52A'	62	201	1	1	0
	1449	1449	1	'01062003'	'GDS_PeakShaveGen_52A'	62	201	1	1	0
	1450	1450	1	'01062004'	'GDS_UnionMont_52A'	62	201	1	1	0
	1451	1451	1	'01062005'	'GDS_UppWill_52A'	62	201	1	1	0
	1452	1452	1	'01062006'	'LowWill_CherFin_52A'	62	201	1	1	0
	1453	1453	1	'01062007'	'LowWill_Dogwood_52A'	62	201	1	1	0
	1454	1454	1	'01062008'	'LowWill_EastGaff_52A'	62	201	1	1	0
	1455	1455	1	'01062009'	'LowWill_ThirdSt_52A'	62	201	1	1	0
	1456	1456	1	'01062010'	'Suez_204_SubtransBkr_52A'	62	201	1	1	0
	1457	1457	1	'01062011'	'Suez_214_StationBkr_52A'	62	201	1	1	0
	1458	1458	1	'01062012'	'Suez_Buford_52A'	62	201	1	1	0
	1459	1459	1	'01062013'	'Suez_Hyatt_52A'	62	201	1	1	0
	1460	1460	1	'01062014'	'Suez_Rutledge_52A'	62	201	1	1	0
	1461	1461	1	'01062015'	'Suez_Willis_52A'	62	201	1	1	0
	1462	1462	1	'01062016'	'Timken_Sub_RTAC_52A'	62	201	1	1	0
	1463	1463	1	'01062017'	'Union_Oneal_52A'	62	201	1	1	0
	1464	1464	1	'01062018'	'Union_Wilk_52A'	62	201	1	1	0
	1465	1465	1	'01062019'	'UppWill_Hosp_52A'	62	201	1	1	0
	1466	1466	1	'01062020'	'UppWill_MeadowCrk_52A'	62	201	1	1	0
	1467	1467	1	'01062021'	'UppWill_Oak_52A'	62	201	1	1	0
	1468	1468	1	'01062022'	'UppWill_Robinson_52A'	62	201	1	1	0
	1469	1469	1	'01001144'	'GAFFNEY_SRV_COMMLINE'	1	208	1	1	1
	1470	1470	1	'01001145'	'REPLICATOR_3'	1	201	1	1	0
	1471	1471	1	'01001146'	'REPLICATOR_4'	1	201	1	1	0
	1472	1472	1	'01001147'	'REPLICATOR_5'	1	201	1	1	0
	1473	1473	1	'01001148'	'REPLICATOR_6'	1	201	1	1	0
	1474	1474	1	'01001149'	'REPLICATOR_7'	1	201	1	1	0
	1475	1475	1	'01001150'	'Dummy2'	1	208	1	1	0
	1476	1476	1	'01062023'	'WTP2_52A'	62	201	1	1	0
	1477	1477	1	'01038011'	'STAR'	38	201	1	1	0
	1478	1478	1	'01063001'	'GCPW_RTU'	63	208	1	1	1
	1479	1479	1	'01063002'	'GCPW_RTU_COMMLINE'	63	208	1	1	1
	1480	1480	1	'01038012'	'ALARM'	38	203	1	1	0
	1481	1481	1	'01065001'	'IMPORT_STATUS'	65	220	1	1	0
	1482	1482	1	'01038013'	'LOAD_TEST_STATUS'	38	217	1	1	0
	1483	1483	1	'01038014'	'TEST_STATUS'	38	217	1	1	0
	1484	1484	1	'01038015'	'GEN_STATUS'	38	217	1	1	0
	1485	1485	1	'01038016'	'GRID_STATUS'	38	220	1	1	1
	1486	1486	1	'01062024'	'WTP_52A'	62	201	1	1	0
	1487	1487	1	'01066001'	'CORH_RTU'	66	208	1	1	1
	1488	1488	1	'01066002'	'CORH_RTU_COMMLINE'	66	208	1	1	1
	1489	1489	1	'01001151'	'ION_TEST_CL'	1	208	1	1	1
	1490	1490	1	'01001152'	'RTAC_DE'	1	208	1	1	1
	1491	1491	1	'01001153'	'ABB02_PRI_RTU'	1	208	1	1	1
	1492	1492	1	'01001154'	'ABB02_CHK_RTU'	1	208	1	1	1
	1493	1493	1	'01067001'	'ACLOSS_Status'	67	215	1	1	1
	1494	1494	1	'01067002'	'KW_COMP_Status'	67	214	1	1	0
	1495	1495	1	'01067003'	'KW_A_Status'	67	214	1	1	0
	1496	1496	1	'01067004'	'KW_B_Status'	67	214	1	1	0
	1497	1497	1	'01067005'	'KW_C_Status'	67	214	1	1	0
	1498	1498	1	'01067006'	'KVAR_Status'	67	214	1	1	0
	1499	1499	1	'01067007'	'KVAR_A_Status'	67	214	1	1	0
	1500	1500	1	'01067008'	'KVAR_B_Status'	67	214	1	1	0
	1501	1501	1	'01067009'	'KVAR_C_Status'	67	214	1	1	0
	1502	1502	1	'01067010'	'V_Status'	67	214	1	1	0
	1503	1503	1	'01067011'	'V_A_Status'	67	214	1	1	0
	1504	1504	1	'01067012'	'V_B_Status'	67	214	1	1	0
	1505	1505	1	'01067013'	'V_C_Status'	67	214	1	1	0
	1506	1506	1	'01067014'	'A_Status'	67	214	1	1	0
	1507	1507	1	'01067015'	'A_A_Status'	67	214	1	1	0
	1508	1508	1	'01067016'	'A_B_Status'	67	214	1	1	0
	1509	1509	1	'01067017'	'A_C_Status'	67	214	1	1	0
	1510	1510	1	'01067018'	'PF_Status'	67	214	1	1	0
	1511	1511	1	'01067019'	'PF_A_Status'	67	214	1	1	0
	1512	1512	1	'01067020'	'PF_B_Status'	67	214	1	1	0
	1513	1513	1	'01067021'	'PF_C_Status'	67	214	1	1	0
	1514	1514	1	'01067022'	'KVAR_COMP_Status'	67	214	1	1	0
	1515	1515	1	'01067023'	'KW_Status'	67	214	1	1	0
	1516	1516	1	'01067024'	'FREQUENCY_Status'	67	214	1	1	0
	1517	1517	1	'01067025'	'A_N_Status'	67	214	1	1	0
 0